wave	sky_flux	sky_flux_err
4.75E+03	1.00E-06	1.00E-05
4.75E+03	1.00E-06	1.00E-05
4.75E+03	1.00E-06	1.00E-05
4.75E+03	1.00E-06	1.00E-05
4.75E+03	1.00E-06	1.00E-05
4.76E+03	1.00E-06	1.00E-05
4.76E+03	1.00E-06	1.00E-05
4.76E+03	1.00E-06	1.00E-05
4.76E+03	1.00E-06	1.00E-05
4.76E+03	1.00E-06	1.00E-05
4.76E+03	1.00E-06	1.00E-05
4.76E+03	1.00E-06	1.00E-05
4.76E+03	1.00E-06	1.00E-05
4.77E+03	1.00E-06	1.00E-05
4.77E+03	1.00E-06	1.00E-05
4.77E+03	1.00E-06	1.00E-05
4.77E+03	1.00E-06	1.00E-05
4.77E+03	1.00E-06	1.00E-05
4.77E+03	1.00E-06	1.00E-05
4.77E+03	1.00E-06	1.00E-05
4.77E+03	1.00E-06	1.00E-05
4.78E+03	1.00E-06	1.00E-05
4.78E+03	1.00E-06	1.00E-05
4.78E+03	1.00E-06	1.00E-05
4.78E+03	1.00E-06	1.00E-05
4.78E+03	1.00E-06	1.00E-05
4.78E+03	1.00E-06	1.00E-05
4.78E+03	1.00E-06	1.00E-05
4.78E+03	1.00E-06	1.00E-05
4.79E+03	1.00E-06	1.00E-05
4.79E+03	1.00E-06	1.00E-05
4.79E+03	1.00E-06	1.00E-05
4.79E+03	1.00E-06	1.00E-05
4.79E+03	1.00E-06	1.00E-05
4.79E+03	1.00E-06	1.00E-05
4.79E+03	1.00E-06	1.00E-05
4.79E+03	1.00E-06	1.00E-05
4.80E+03	1.00E-06	1.00E-05
4.80E+03	1.00E-06	1.00E-05
4.80E+03	1.00E-06	1.00E-05
4.80E+03	1.00E-06	1.00E-05
4.80E+03	1.00E-06	1.00E-05
4.80E+03	1.00E-06	1.00E-05
4.80E+03	1.00E-06	1.00E-05
4.80E+03	1.00E-06	1.00E-05
4.81E+03	1.00E-06	1.00E-05
4.81E+03	1.00E-06	1.00E-05
4.81E+03	1.00E-06	1.00E-05
4.81E+03	1.00E-06	1.00E-05
4.81E+03	1.00E-06	1.00E-05
4.81E+03	1.00E-06	1.00E-05
4.81E+03	1.00E-06	1.00E-05
4.81E+03	1.00E-06	1.00E-05
4.82E+03	1.00E-06	1.00E-05
4.82E+03	1.00E-06	1.00E-05
4.82E+03	1.00E-06	1.00E-05
4.82E+03	1.00E-06	1.00E-05
4.82E+03	1.00E-06	1.00E-05
4.82E+03	1.00E-06	1.00E-05
4.82E+03	1.00E-06	1.00E-05
4.82E+03	1.00E-06	1.00E-05
4.83E+03	1.00E-06	1.00E-05
4.83E+03	1.00E-06	1.00E-05
4.83E+03	1.00E-06	1.00E-05
4.83E+03	1.00E-06	1.00E-05
4.83E+03	1.00E-06	1.00E-05
4.83E+03	1.00E-06	1.00E-05
4.83E+03	1.00E-06	1.00E-05
4.83E+03	1.00E-06	1.00E-05
4.84E+03	1.00E-06	1.00E-05
4.84E+03	1.00E-06	1.00E-05
4.84E+03	1.00E-06	1.00E-05
4.84E+03	1.00E-06	1.00E-05
4.84E+03	1.00E-06	1.00E-05
4.84E+03	1.00E-06	1.00E-05
4.84E+03	1.00E-06	1.00E-05
4.84E+03	1.00E-06	1.00E-05
4.85E+03	1.00E-06	1.00E-05
4.85E+03	1.00E-06	1.00E-05
4.85E+03	1.00E-06	1.00E-05
4.85E+03	1.00E-06	1.00E-05
4.85E+03	1.00E-06	1.00E-05
4.85E+03	1.00E-06	1.00E-05
4.85E+03	1.00E-06	1.00E-05
4.85E+03	1.00E-06	1.00E-05
4.86E+03	1.00E-06	1.00E-05
4.86E+03	1.00E-06	1.00E-05
4.86E+03	1.00E-06	1.00E-05
4.86E+03	1.00E-06	1.00E-05
4.86E+03	1.00E-06	1.00E-05
4.86E+03	1.00E-06	1.00E-05
4.86E+03	1.00E-06	1.00E-05
4.86E+03	1.00E-06	1.00E-05
4.87E+03	1.00E-06	1.00E-05
4.87E+03	1.00E-06	1.00E-05
4.87E+03	1.00E-06	1.00E-05
4.87E+03	1.00E-06	1.00E-05
4.87E+03	1.00E-06	1.00E-05
4.87E+03	1.00E-06	1.00E-05
4.87E+03	1.00E-06	1.00E-05
4.87E+03	1.00E-06	1.00E-05
4.88E+03	1.00E-06	1.00E-05
4.88E+03	1.00E-06	1.00E-05
4.88E+03	1.00E-06	1.00E-05
4.88E+03	1.00E-06	1.00E-05
4.88E+03	1.00E-06	1.00E-05
4.88E+03	1.00E-06	1.00E-05
4.88E+03	1.00E-06	1.00E-05
4.88E+03	1.00E-06	1.00E-05
4.89E+03	1.00E-06	1.00E-05
4.89E+03	1.00E-06	1.00E-05
4.89E+03	1.00E-06	1.00E-05
4.89E+03	1.00E-06	1.00E-05
4.89E+03	1.00E-06	1.00E-05
4.89E+03	1.00E-06	1.00E-05
4.89E+03	1.00E-06	1.00E-05
4.89E+03	1.00E-06	1.00E-05
4.90E+03	1.00E-06	1.00E-05
4.90E+03	1.00E-06	1.00E-05
4.90E+03	1.00E-06	1.00E-05
4.90E+03	1.00E-06	1.00E-05
4.90E+03	1.00E-06	1.00E-05
4.90E+03	1.00E-06	1.00E-05
4.90E+03	1.00E-06	1.00E-05
4.90E+03	1.00E-06	1.00E-05
4.91E+03	1.00E-06	1.00E-05
4.91E+03	1.00E-06	1.00E-05
4.91E+03	1.00E-06	1.00E-05
4.91E+03	1.00E-06	1.00E-05
4.91E+03	1.00E-06	1.00E-05
4.91E+03	1.00E-06	1.00E-05
4.91E+03	1.00E-06	1.00E-05
4.91E+03	1.00E-06	1.00E-05
4.92E+03	1.00E-06	1.00E-05
4.92E+03	1.00E-06	1.00E-05
4.92E+03	1.00E-06	1.00E-05
4.92E+03	1.00E-06	1.00E-05
4.92E+03	1.00E-06	1.00E-05
4.92E+03	1.00E-06	1.00E-05
4.92E+03	1.00E-06	1.00E-05
4.92E+03	1.00E-06	1.00E-05
4.93E+03	1.00E-06	1.00E-05
4.93E+03	1.00E-06	1.00E-05
4.93E+03	1.00E-06	1.00E-05
4.93E+03	1.00E-06	1.00E-05
4.93E+03	1.00E-06	1.00E-05
4.93E+03	1.00E-06	1.00E-05
4.93E+03	1.00E-06	1.00E-05
4.93E+03	1.00E-06	1.00E-05
4.94E+03	1.00E-06	1.00E-05
4.94E+03	1.00E-06	1.00E-05
4.94E+03	1.00E-06	1.00E-05
4.94E+03	1.00E-06	1.00E-05
4.94E+03	1.00E-06	1.00E-05
4.94E+03	1.00E-06	1.00E-05
4.94E+03	1.00E-06	1.00E-05
4.94E+03	1.00E-06	1.00E-05
4.95E+03	1.00E-06	1.00E-05
4.95E+03	1.00E-06	1.00E-05
4.95E+03	1.00E-06	1.00E-05
4.95E+03	1.00E-06	1.00E-05
4.95E+03	1.00E-06	1.00E-05
4.95E+03	1.00E-06	1.00E-05
4.95E+03	1.00E-06	1.00E-05
4.95E+03	1.00E-06	1.00E-05
4.96E+03	1.00E-06	1.00E-05
4.96E+03	1.00E-06	1.00E-05
4.96E+03	1.00E-06	1.00E-05
4.96E+03	1.00E-06	1.00E-05
4.96E+03	1.00E-06	1.00E-05
4.96E+03	1.00E-06	1.00E-05
4.96E+03	1.00E-06	1.00E-05
4.96E+03	1.00E-06	1.00E-05
4.97E+03	1.00E-06	1.00E-05
4.97E+03	1.00E-06	1.00E-05
4.97E+03	1.00E-06	1.00E-05
4.97E+03	1.00E-06	1.00E-05
4.97E+03	1.00E-06	1.00E-05
4.97E+03	1.00E-06	1.00E-05
4.97E+03	1.00E-06	1.00E-05
4.97E+03	1.00E-06	1.00E-05
4.98E+03	1.00E-06	1.00E-05
4.98E+03	1.00E-06	1.00E-05
4.98E+03	1.00E-06	1.00E-05
4.98E+03	1.00E-06	1.00E-05
4.98E+03	1.00E-06	1.00E-05
4.98E+03	1.00E-06	1.00E-05
4.98E+03	1.00E-06	1.00E-05
4.98E+03	1.00E-06	1.00E-05
4.99E+03	1.00E-06	1.00E-05
4.99E+03	1.00E-06	1.00E-05
4.99E+03	1.00E-06	1.00E-05
4.99E+03	1.00E-06	1.00E-05
4.99E+03	1.00E-06	1.00E-05
4.99E+03	1.00E-06	1.00E-05
4.99E+03	1.00E-06	1.00E-05
4.99E+03	1.00E-06	1.00E-05
5.00E+03	1.00E-06	1.00E-05
5.00E+03	1.00E-06	1.00E-05
5.00E+03	1.00E-06	1.00E-05
5.00E+03	1.00E-06	1.00E-05
5.00E+03	1.00E-06	1.00E-05
5.00E+03	1.00E-06	1.00E-05
5.00E+03	1.00E-06	1.00E-05
5.00E+03	1.00E-06	1.00E-05
5.01E+03	1.00E-06	1.00E-05
5.01E+03	1.00E-06	1.00E-05
5.01E+03	1.00E-06	1.00E-05
5.01E+03	1.00E-06	1.00E-05
5.01E+03	1.00E-06	1.00E-05
5.01E+03	1.00E-06	1.00E-05
5.01E+03	1.00E-06	1.00E-05
5.01E+03	1.00E-06	1.00E-05
5.02E+03	1.00E-06	1.00E-05
5.02E+03	1.00E-06	1.00E-05
5.02E+03	1.00E-06	1.00E-05
5.02E+03	1.00E-06	1.00E-05
5.02E+03	1.00E-06	1.00E-05
5.02E+03	1.00E-06	1.00E-05
5.02E+03	1.00E-06	1.00E-05
5.02E+03	1.00E-06	1.00E-05
5.03E+03	1.00E-06	1.00E-05
5.03E+03	1.00E-06	1.00E-05
5.03E+03	1.00E-06	1.00E-05
5.03E+03	1.00E-06	1.00E-05
5.03E+03	1.00E-06	1.00E-05
5.03E+03	1.00E-06	1.00E-05
5.03E+03	1.00E-06	1.00E-05
5.03E+03	1.00E-06	1.00E-05
5.04E+03	1.00E-06	1.00E-05
5.04E+03	1.00E-06	1.00E-05
5.04E+03	1.00E-06	1.00E-05
5.04E+03	1.00E-06	1.00E-05
5.04E+03	1.00E-06	1.00E-05
5.04E+03	1.00E-06	1.00E-05
5.04E+03	1.00E-06	1.00E-05
5.04E+03	1.00E-06	1.00E-05
5.05E+03	1.00E-06	1.00E-05
5.05E+03	1.00E-06	1.00E-05
5.05E+03	1.00E-06	1.00E-05
5.05E+03	1.00E-06	1.00E-05
5.05E+03	1.00E-06	1.00E-05
5.05E+03	1.00E-06	1.00E-05
5.05E+03	1.00E-06	1.00E-05
5.05E+03	1.00E-06	1.00E-05
5.06E+03	1.00E-06	1.00E-05
5.06E+03	1.00E-06	1.00E-05
5.06E+03	1.00E-06	1.00E-05
5.06E+03	1.00E-06	1.00E-05
5.06E+03	1.00E-06	1.00E-05
5.06E+03	1.00E-06	1.00E-05
5.06E+03	1.00E-06	1.00E-05
5.06E+03	1.00E-06	1.00E-05
5.07E+03	1.00E-06	1.00E-05
5.07E+03	1.00E-06	1.00E-05
5.07E+03	1.00E-06	1.00E-05
5.07E+03	1.00E-06	1.00E-05
5.07E+03	1.00E-06	1.00E-05
5.07E+03	1.00E-06	1.00E-05
5.07E+03	1.00E-06	1.00E-05
5.07E+03	1.00E-06	1.00E-05
5.08E+03	1.00E-06	1.00E-05
5.08E+03	1.00E-06	1.00E-05
5.08E+03	1.00E-06	1.00E-05
5.08E+03	1.00E-06	1.00E-05
5.08E+03	1.00E-06	1.00E-05
5.08E+03	1.00E-06	1.00E-05
5.08E+03	1.00E-06	1.00E-05
5.08E+03	1.00E-06	1.00E-05
5.09E+03	1.00E-06	1.00E-05
5.09E+03	1.00E-06	1.00E-05
5.09E+03	1.00E-06	1.00E-05
5.09E+03	1.00E-06	1.00E-05
5.09E+03	1.00E-06	1.00E-05
5.09E+03	1.00E-06	1.00E-05
5.09E+03	1.00E-06	1.00E-05
5.09E+03	1.00E-06	1.00E-05
5.10E+03	1.00E-06	1.00E-05
5.10E+03	1.00E-06	1.00E-05
5.10E+03	1.00E-06	1.00E-05
5.10E+03	1.00E-06	1.00E-05
5.10E+03	1.00E-06	1.00E-05
5.10E+03	1.00E-06	1.00E-05
5.10E+03	1.00E-06	1.00E-05
5.10E+03	1.00E-06	1.00E-05
5.11E+03	1.00E-06	1.00E-05
5.11E+03	1.00E-06	1.00E-05
5.11E+03	1.00E-06	1.00E-05
5.11E+03	1.00E-06	1.00E-05
5.11E+03	1.00E-06	1.00E-05
5.11E+03	1.00E-06	1.00E-05
5.11E+03	1.00E-06	1.00E-05
5.11E+03	1.00E-06	1.00E-05
5.12E+03	1.00E-06	1.00E-05
5.12E+03	1.00E-06	1.00E-05
5.12E+03	1.00E-06	1.00E-05
5.12E+03	1.00E-06	1.00E-05
5.12E+03	1.00E-06	1.00E-05
5.12E+03	1.00E-06	1.00E-05
5.12E+03	1.00E-06	1.00E-05
5.12E+03	1.00E-06	1.00E-05
5.13E+03	1.00E-06	1.00E-05
5.13E+03	1.00E-06	1.00E-05
5.13E+03	1.00E-06	1.00E-05
5.13E+03	1.00E-06	1.00E-05
5.13E+03	1.00E-06	1.00E-05
5.13E+03	1.00E-06	1.00E-05
5.13E+03	1.00E-06	1.00E-05
5.13E+03	1.00E-06	1.00E-05
5.14E+03	1.00E-06	1.00E-05
5.14E+03	1.00E-06	1.00E-05
5.14E+03	1.00E-06	1.00E-05
5.14E+03	1.00E-06	1.00E-05
5.14E+03	1.00E-06	1.00E-05
5.14E+03	1.00E-06	1.00E-05
5.14E+03	1.00E-06	1.00E-05
5.14E+03	1.00E-06	1.00E-05
5.15E+03	1.00E-06	1.00E-05
5.15E+03	1.00E-06	1.00E-05
5.15E+03	1.00E-06	1.00E-05
5.15E+03	1.00E-06	1.00E-05
5.15E+03	1.00E-06	1.00E-05
5.15E+03	1.00E-06	1.00E-05
5.15E+03	1.00E-06	1.00E-05
5.15E+03	1.00E-06	1.00E-05
5.16E+03	1.00E-06	1.00E-05
5.16E+03	1.00E-06	1.00E-05
5.16E+03	1.00E-06	1.00E-05
5.16E+03	1.00E-06	1.00E-05
5.16E+03	1.00E-06	1.00E-05
5.16E+03	1.00E-06	1.00E-05
5.16E+03	1.00E-06	1.00E-05
5.16E+03	1.00E-06	1.00E-05
5.17E+03	1.00E-06	1.00E-05
5.17E+03	1.00E-06	1.00E-05
5.17E+03	1.00E-06	1.00E-05
5.17E+03	1.00E-06	1.00E-05
5.17E+03	1.00E-06	1.00E-05
5.17E+03	1.00E-06	1.00E-05
5.17E+03	1.00E-06	1.00E-05
5.17E+03	1.00E-06	1.00E-05
5.18E+03	1.00E-06	1.00E-05
5.18E+03	1.00E-06	1.00E-05
5.18E+03	1.00E-06	1.00E-05
5.18E+03	1.00E-06	1.00E-05
5.18E+03	1.00E-06	1.00E-05
5.18E+03	1.00E-06	1.00E-05
5.18E+03	1.00E-06	1.00E-05
5.18E+03	1.00E-06	1.00E-05
5.19E+03	1.00E-06	1.00E-05
5.19E+03	1.00E-06	1.00E-05
5.19E+03	1.00E-06	1.00E-05
5.19E+03	1.00E-06	1.00E-05
5.19E+03	1.00E-06	1.00E-05
5.19E+03	1.00E-06	1.00E-05
5.19E+03	1.00E-06	1.00E-05
5.19E+03	1.00E-06	1.00E-05
5.20E+03	1.00E-06	1.00E-05
5.20E+03	1.00E-06	1.00E-05
5.20E+03	1.00E-06	1.00E-05
5.20E+03	1.00E-06	1.00E-05
5.20E+03	1.00E-06	1.00E-05
5.20E+03	1.00E-06	1.00E-05
5.20E+03	1.00E-06	1.00E-05
5.20E+03	1.00E-06	1.00E-05
5.21E+03	1.00E-06	1.00E-05
5.21E+03	1.00E-06	1.00E-05
5.21E+03	1.00E-06	1.00E-05
5.21E+03	1.00E-06	1.00E-05
5.21E+03	1.00E-06	1.00E-05
5.21E+03	1.00E-06	1.00E-05
5.21E+03	1.00E-06	1.00E-05
5.21E+03	1.00E-06	1.00E-05
5.22E+03	1.00E-06	1.00E-05
5.22E+03	1.00E-06	1.00E-05
5.22E+03	1.00E-06	1.00E-05
5.22E+03	1.00E-06	1.00E-05
5.22E+03	1.00E-06	1.00E-05
5.22E+03	1.00E-06	1.00E-05
5.22E+03	1.00E-06	1.00E-05
5.22E+03	1.00E-06	1.00E-05
5.23E+03	1.00E-06	1.00E-05
5.23E+03	1.00E-06	1.00E-05
5.23E+03	1.00E-06	1.00E-05
5.23E+03	1.00E-06	1.00E-05
5.23E+03	1.00E-06	1.00E-05
5.23E+03	1.00E-06	1.00E-05
5.23E+03	1.00E-06	1.00E-05
5.23E+03	1.00E-06	1.00E-05
5.24E+03	1.00E-06	1.00E-05
5.24E+03	1.00E-06	1.00E-05
5.24E+03	1.00E-06	1.00E-05
5.24E+03	1.00E-06	1.00E-05
5.24E+03	1.00E-06	1.00E-05
5.24E+03	1.00E-06	1.00E-05
5.24E+03	1.00E-06	1.00E-05
5.24E+03	1.00E-06	1.00E-05
5.25E+03	1.00E-06	1.00E-05
5.25E+03	1.00E-06	1.00E-05
5.25E+03	1.00E-06	1.00E-05
5.25E+03	1.00E-06	1.00E-05
5.25E+03	1.00E-06	1.00E-05
5.25E+03	1.00E-06	1.00E-05
5.25E+03	1.00E-06	1.00E-05
5.25E+03	1.00E-06	1.00E-05
5.26E+03	1.00E-06	1.00E-05
5.26E+03	1.00E-06	1.00E-05
5.26E+03	1.00E-06	1.00E-05
5.26E+03	1.00E-06	1.00E-05
5.26E+03	1.00E-06	1.00E-05
5.26E+03	1.00E-06	1.00E-05
5.26E+03	1.00E-06	1.00E-05
5.26E+03	1.00E-06	1.00E-05
5.27E+03	1.00E-06	1.00E-05
5.27E+03	1.00E-06	1.00E-05
5.27E+03	1.00E-06	1.00E-05
5.27E+03	1.00E-06	1.00E-05
5.27E+03	1.00E-06	1.00E-05
5.27E+03	1.00E-06	1.00E-05
5.27E+03	1.00E-06	1.00E-05
5.27E+03	1.00E-06	1.00E-05
5.28E+03	1.00E-06	1.00E-05
5.28E+03	1.00E-06	1.00E-05
5.28E+03	1.00E-06	1.00E-05
5.28E+03	1.00E-06	1.00E-05
5.28E+03	1.00E-06	1.00E-05
5.28E+03	1.00E-06	1.00E-05
5.28E+03	1.00E-06	1.00E-05
5.28E+03	1.00E-06	1.00E-05
5.29E+03	1.00E-06	1.00E-05
5.29E+03	1.00E-06	1.00E-05
5.29E+03	1.00E-06	1.00E-05
5.29E+03	1.00E-06	1.00E-05
5.29E+03	1.00E-06	1.00E-05
5.29E+03	1.00E-06	1.00E-05
5.29E+03	1.00E-06	1.00E-05
5.29E+03	1.00E-06	1.00E-05
5.30E+03	1.00E-06	1.00E-05
5.30E+03	1.00E-06	1.00E-05
5.30E+03	1.00E-06	1.00E-05
5.30E+03	1.00E-06	1.00E-05
5.30E+03	1.00E-06	1.00E-05
5.30E+03	1.00E-06	1.00E-05
5.30E+03	1.00E-06	1.00E-05
5.30E+03	1.00E-06	1.00E-05
5.31E+03	1.00E-06	1.00E-05
5.31E+03	1.00E-06	1.00E-05
5.31E+03	1.00E-06	1.00E-05
5.31E+03	1.00E-06	1.00E-05
5.31E+03	1.00E-06	1.00E-05
5.31E+03	1.00E-06	1.00E-05
5.31E+03	1.00E-06	1.00E-05
5.31E+03	1.00E-06	1.00E-05
5.32E+03	1.00E-06	1.00E-05
5.32E+03	1.00E-06	1.00E-05
5.32E+03	1.00E-06	1.00E-05
5.32E+03	1.00E-06	1.00E-05
5.32E+03	1.00E-06	1.00E-05
5.32E+03	1.00E-06	1.00E-05
5.32E+03	1.00E-06	1.00E-05
5.32E+03	1.00E-06	1.00E-05
5.33E+03	1.00E-06	1.00E-05
5.33E+03	1.00E-06	1.00E-05
5.33E+03	1.00E-06	1.00E-05
5.33E+03	1.00E-06	1.00E-05
5.33E+03	1.00E-06	1.00E-05
5.33E+03	1.00E-06	1.00E-05
5.33E+03	1.00E-06	1.00E-05
5.33E+03	1.00E-06	1.00E-05
5.34E+03	1.00E-06	1.00E-05
5.34E+03	1.00E-06	1.00E-05
5.34E+03	1.00E-06	1.00E-05
5.34E+03	1.00E-06	1.00E-05
5.34E+03	1.00E-06	1.00E-05
5.34E+03	1.00E-06	1.00E-05
5.34E+03	1.00E-06	1.00E-05
5.34E+03	1.00E-06	1.00E-05
5.35E+03	1.00E-06	1.00E-05
5.35E+03	1.00E-06	1.00E-05
5.35E+03	1.00E-06	1.00E-05
5.35E+03	1.00E-06	1.00E-05
5.35E+03	1.00E-06	1.00E-05
5.35E+03	1.00E-06	1.00E-05
5.35E+03	1.00E-06	1.00E-05
5.35E+03	1.00E-06	1.00E-05
5.36E+03	1.00E-06	1.00E-05
5.36E+03	1.00E-06	1.00E-05
5.36E+03	1.00E-06	1.00E-05
5.36E+03	1.00E-06	1.00E-05
5.36E+03	1.00E-06	1.00E-05
5.36E+03	1.00E-06	1.00E-05
5.36E+03	1.00E-06	1.00E-05
5.36E+03	1.00E-06	1.00E-05
5.37E+03	1.00E-06	1.00E-05
5.37E+03	1.00E-06	1.00E-05
5.37E+03	1.00E-06	1.00E-05
5.37E+03	1.00E-06	1.00E-05
5.37E+03	1.00E-06	1.00E-05
5.37E+03	1.00E-06	1.00E-05
5.37E+03	1.00E-06	1.00E-05
5.37E+03	1.00E-06	1.00E-05
5.38E+03	1.00E-06	1.00E-05
5.38E+03	1.00E-06	1.00E-05
5.38E+03	1.00E-06	1.00E-05
5.38E+03	1.00E-06	1.00E-05
5.38E+03	1.00E-06	1.00E-05
5.38E+03	1.00E-06	1.00E-05
5.38E+03	1.00E-06	1.00E-05
5.38E+03	1.00E-06	1.00E-05
5.39E+03	1.00E-06	1.00E-05
5.39E+03	1.00E-06	1.00E-05
5.39E+03	1.00E-06	1.00E-05
5.39E+03	1.00E-06	1.00E-05
5.39E+03	1.00E-06	1.00E-05
5.39E+03	1.00E-06	1.00E-05
5.39E+03	1.00E-06	1.00E-05
5.39E+03	1.00E-06	1.00E-05
5.40E+03	1.00E-06	1.00E-05
5.40E+03	1.00E-06	1.00E-05
5.40E+03	1.00E-06	1.00E-05
5.40E+03	1.00E-06	1.00E-05
5.40E+03	1.00E-06	1.00E-05
5.40E+03	1.00E-06	1.00E-05
5.40E+03	1.00E-06	1.00E-05
5.40E+03	1.00E-06	1.00E-05
5.41E+03	1.00E-06	1.00E-05
5.41E+03	1.00E-06	1.00E-05
5.41E+03	1.00E-06	1.00E-05
5.41E+03	1.00E-06	1.00E-05
5.41E+03	1.00E-06	1.00E-05
5.41E+03	1.00E-06	1.00E-05
5.41E+03	1.00E-06	1.00E-05
5.41E+03	1.00E-06	1.00E-05
5.42E+03	1.00E-06	1.00E-05
5.42E+03	1.00E-06	1.00E-05
5.42E+03	1.00E-06	1.00E-05
5.42E+03	1.00E-06	1.00E-05
5.42E+03	1.00E-06	1.00E-05
5.42E+03	1.00E-06	1.00E-05
5.42E+03	1.00E-06	1.00E-05
5.42E+03	1.00E-06	1.00E-05
5.43E+03	1.00E-06	1.00E-05
5.43E+03	1.00E-06	1.00E-05
5.43E+03	1.00E-06	1.00E-05
5.43E+03	1.00E-06	1.00E-05
5.43E+03	1.00E-06	1.00E-05
5.43E+03	1.00E-06	1.00E-05
5.43E+03	1.00E-06	1.00E-05
5.43E+03	1.00E-06	1.00E-05
5.44E+03	1.00E-06	1.00E-05
5.44E+03	1.00E-06	1.00E-05
5.44E+03	1.00E-06	1.00E-05
5.44E+03	1.00E-06	1.00E-05
5.44E+03	1.00E-06	1.00E-05
5.44E+03	1.00E-06	1.00E-05
5.44E+03	1.00E-06	1.00E-05
5.44E+03	1.00E-06	1.00E-05
5.45E+03	1.00E-06	1.00E-05
5.45E+03	1.00E-06	1.00E-05
5.45E+03	1.00E-06	1.00E-05
5.45E+03	1.00E-06	1.00E-05
5.45E+03	1.00E-06	1.00E-05
5.45E+03	1.00E-06	1.00E-05
5.45E+03	1.00E-06	1.00E-05
5.45E+03	1.00E-06	1.00E-05
5.46E+03	1.00E-06	1.00E-05
5.46E+03	1.00E-06	1.00E-05
5.46E+03	1.00E-06	1.00E-05
5.46E+03	1.00E-06	1.00E-05
5.46E+03	1.00E-06	1.00E-05
5.46E+03	1.00E-06	1.00E-05
5.46E+03	1.00E-06	1.00E-05
5.46E+03	1.00E-06	1.00E-05
5.47E+03	1.00E-06	1.00E-05
5.47E+03	1.00E-06	1.00E-05
5.47E+03	1.00E-06	1.00E-05
5.47E+03	1.00E-06	1.00E-05
5.47E+03	1.00E-06	1.00E-05
5.47E+03	1.00E-06	1.00E-05
5.47E+03	1.00E-06	1.00E-05
5.47E+03	1.00E-06	1.00E-05
5.48E+03	1.00E-06	1.00E-05
5.48E+03	1.00E-06	1.00E-05
5.48E+03	1.00E-06	1.00E-05
5.48E+03	1.00E-06	1.00E-05
5.48E+03	1.00E-06	1.00E-05
5.48E+03	1.00E-06	1.00E-05
5.48E+03	1.00E-06	1.00E-05
5.48E+03	1.00E-06	1.00E-05
5.49E+03	1.00E-06	1.00E-05
5.49E+03	1.00E-06	1.00E-05
5.49E+03	1.00E-06	1.00E-05
5.49E+03	1.00E-06	1.00E-05
5.49E+03	1.00E-06	1.00E-05
5.49E+03	1.00E-06	1.00E-05
5.49E+03	1.00E-06	1.00E-05
5.49E+03	1.00E-06	1.00E-05
5.50E+03	1.00E-06	1.00E-05
5.50E+03	1.00E-06	1.00E-05
5.50E+03	1.00E-06	1.00E-05
5.50E+03	1.00E-06	1.00E-05
5.50E+03	1.00E-06	1.00E-05
5.50E+03	1.00E-06	1.00E-05
5.50E+03	1.00E-06	1.00E-05
5.50E+03	1.00E-06	1.00E-05
5.51E+03	1.00E-06	1.00E-05
5.51E+03	1.00E-06	1.00E-05
5.51E+03	1.00E-06	1.00E-05
5.51E+03	1.00E-06	1.00E-05
5.51E+03	1.00E-06	1.00E-05
5.51E+03	1.00E-06	1.00E-05
5.51E+03	1.00E-06	1.00E-05
5.51E+03	1.00E-06	1.00E-05
5.52E+03	1.00E-06	1.00E-05
5.52E+03	1.00E-06	1.00E-05
5.52E+03	1.00E-06	1.00E-05
5.52E+03	1.00E-06	1.00E-05
5.52E+03	1.00E-06	1.00E-05
5.52E+03	1.00E-06	1.00E-05
5.52E+03	1.00E-06	1.00E-05
5.52E+03	1.00E-06	1.00E-05
5.53E+03	1.00E-06	1.00E-05
5.53E+03	1.00E-06	1.00E-05
5.53E+03	1.00E-06	1.00E-05
5.53E+03	1.00E-06	1.00E-05
5.53E+03	1.00E-06	1.00E-05
5.53E+03	1.00E-06	1.00E-05
5.53E+03	1.00E-06	1.00E-05
5.53E+03	1.00E-06	1.00E-05
5.54E+03	1.00E-06	1.00E-05
5.54E+03	1.00E-06	1.00E-05
5.54E+03	1.00E-06	1.00E-05
5.54E+03	1.00E-06	1.00E-05
5.54E+03	1.00E-06	1.00E-05
5.54E+03	1.00E-06	1.00E-05
5.54E+03	1.00E-06	1.00E-05
5.54E+03	1.00E-06	1.00E-05
5.55E+03	1.00E-06	1.00E-05
5.55E+03	1.00E-06	1.00E-05
5.55E+03	1.00E-06	1.00E-05
5.55E+03	1.00E-06	1.00E-05
5.55E+03	1.00E-06	1.00E-05
5.55E+03	1.00E-06	1.00E-05
5.55E+03	1.00E-06	1.00E-05
5.55E+03	1.00E-06	1.00E-05
5.56E+03	1.00E-06	1.00E-05
5.56E+03	1.00E-06	1.00E-05
5.56E+03	1.00E-06	1.00E-05
5.56E+03	1.00E-06	1.00E-05
5.56E+03	1.00E-06	1.00E-05
5.56E+03	1.00E-06	1.00E-05
5.56E+03	1.00E-06	1.00E-05
5.56E+03	1.00E-06	1.00E-05
5.57E+03	1.00E-06	1.00E-05
5.57E+03	1.00E-06	1.00E-05
5.57E+03	1.00E-06	1.00E-05
5.57E+03	1.00E-06	1.00E-05
5.57E+03	1.00E-06	1.00E-05
5.57E+03	1.00E-06	1.00E-05
5.57E+03	1.00E-06	1.00E-05
5.57E+03	1.00E-06	1.00E-05
5.58E+03	1.00E-06	1.00E-05
5.58E+03	1.00E-06	1.00E-05
5.58E+03	1.00E-06	1.00E-05
5.58E+03	1.00E-06	1.00E-05
5.58E+03	1.00E-06	1.00E-05
5.58E+03	1.00E-06	1.00E-05
5.58E+03	1.00E-06	1.00E-05
5.58E+03	1.00E-06	1.00E-05
5.59E+03	1.00E-06	1.00E-05
5.59E+03	1.00E-06	1.00E-05
5.59E+03	1.00E-06	1.00E-05
5.59E+03	1.00E-06	1.00E-05
5.59E+03	1.00E-06	1.00E-05
5.59E+03	1.00E-06	1.00E-05
5.59E+03	1.00E-06	1.00E-05
5.59E+03	1.00E-06	1.00E-05
5.60E+03	1.00E-06	1.00E-05
5.60E+03	1.00E-06	1.00E-05
5.60E+03	1.00E-06	1.00E-05
5.60E+03	1.00E-06	1.00E-05
5.60E+03	1.00E-06	1.00E-05
5.60E+03	1.00E-06	1.00E-05
5.60E+03	1.00E-06	1.00E-05
5.60E+03	1.00E-06	1.00E-05
5.61E+03	1.00E-06	1.00E-05
5.61E+03	1.00E-06	1.00E-05
5.61E+03	1.00E-06	1.00E-05
5.61E+03	1.00E-06	1.00E-05
5.61E+03	1.00E-06	1.00E-05
5.61E+03	1.00E-06	1.00E-05
5.61E+03	1.00E-06	1.00E-05
5.61E+03	1.00E-06	1.00E-05
5.62E+03	1.00E-06	1.00E-05
5.62E+03	1.00E-06	1.00E-05
5.62E+03	1.00E-06	1.00E-05
5.62E+03	1.00E-06	1.00E-05
5.62E+03	1.00E-06	1.00E-05
5.62E+03	1.00E-06	1.00E-05
5.62E+03	1.00E-06	1.00E-05
5.62E+03	1.00E-06	1.00E-05
5.63E+03	1.00E-06	1.00E-05
5.63E+03	1.00E-06	1.00E-05
5.63E+03	1.00E-06	1.00E-05
5.63E+03	1.00E-06	1.00E-05
5.63E+03	1.00E-06	1.00E-05
5.63E+03	1.00E-06	1.00E-05
5.63E+03	1.00E-06	1.00E-05
5.63E+03	1.00E-06	1.00E-05
5.64E+03	1.00E-06	1.00E-05
5.64E+03	1.00E-06	1.00E-05
5.64E+03	1.00E-06	1.00E-05
5.64E+03	1.00E-06	1.00E-05
5.64E+03	1.00E-06	1.00E-05
5.64E+03	1.00E-06	1.00E-05
5.64E+03	1.00E-06	1.00E-05
5.64E+03	1.00E-06	1.00E-05
5.65E+03	1.00E-06	1.00E-05
5.65E+03	1.00E-06	1.00E-05
5.65E+03	1.00E-06	1.00E-05
5.65E+03	1.00E-06	1.00E-05
5.65E+03	1.00E-06	1.00E-05
5.65E+03	1.00E-06	1.00E-05
5.65E+03	1.00E-06	1.00E-05
5.65E+03	1.00E-06	1.00E-05
5.66E+03	1.00E-06	1.00E-05
5.66E+03	1.00E-06	1.00E-05
5.66E+03	1.00E-06	1.00E-05
5.66E+03	1.00E-06	1.00E-05
5.66E+03	1.00E-06	1.00E-05
5.66E+03	1.00E-06	1.00E-05
5.66E+03	1.00E-06	1.00E-05
5.66E+03	1.00E-06	1.00E-05
5.67E+03	1.00E-06	1.00E-05
5.67E+03	1.00E-06	1.00E-05
5.67E+03	1.00E-06	1.00E-05
5.67E+03	1.00E-06	1.00E-05
5.67E+03	1.00E-06	1.00E-05
5.67E+03	1.00E-06	1.00E-05
5.67E+03	1.00E-06	1.00E-05
5.67E+03	1.00E-06	1.00E-05
5.68E+03	1.00E-06	1.00E-05
5.68E+03	1.00E-06	1.00E-05
5.68E+03	1.00E-06	1.00E-05
5.68E+03	1.00E-06	1.00E-05
5.68E+03	1.00E-06	1.00E-05
5.68E+03	1.00E-06	1.00E-05
5.68E+03	1.00E-06	1.00E-05
5.68E+03	1.00E-06	1.00E-05
5.69E+03	1.00E-06	1.00E-05
5.69E+03	1.00E-06	1.00E-05
5.69E+03	1.00E-06	1.00E-05
5.69E+03	1.00E-06	1.00E-05
5.69E+03	1.00E-06	1.00E-05
5.69E+03	1.00E-06	1.00E-05
5.69E+03	1.00E-06	1.00E-05
5.69E+03	1.00E-06	1.00E-05
5.70E+03	1.00E-06	1.00E-05
5.70E+03	1.00E-06	1.00E-05
5.70E+03	1.00E-06	1.00E-05
5.70E+03	1.00E-06	1.00E-05
5.70E+03	1.00E-06	1.00E-05
5.70E+03	1.00E-06	1.00E-05
5.70E+03	1.00E-06	1.00E-05
5.70E+03	1.00E-06	1.00E-05
5.71E+03	1.00E-06	1.00E-05
5.71E+03	1.00E-06	1.00E-05
5.71E+03	1.00E-06	1.00E-05
5.71E+03	1.00E-06	1.00E-05
5.71E+03	1.00E-06	1.00E-05
5.71E+03	1.00E-06	1.00E-05
5.71E+03	1.00E-06	1.00E-05
5.71E+03	1.00E-06	1.00E-05
5.72E+03	1.00E-06	1.00E-05
5.72E+03	1.00E-06	1.00E-05
5.72E+03	1.00E-06	1.00E-05
5.72E+03	1.00E-06	1.00E-05
5.72E+03	1.00E-06	1.00E-05
5.72E+03	1.00E-06	1.00E-05
5.72E+03	1.00E-06	1.00E-05
5.72E+03	1.00E-06	1.00E-05
5.73E+03	1.00E-06	1.00E-05
5.73E+03	1.00E-06	1.00E-05
5.73E+03	1.00E-06	1.00E-05
5.73E+03	1.00E-06	1.00E-05
5.73E+03	1.00E-06	1.00E-05
5.73E+03	1.00E-06	1.00E-05
5.73E+03	1.00E-06	1.00E-05
5.73E+03	1.00E-06	1.00E-05
5.74E+03	1.00E-06	1.00E-05
5.74E+03	1.00E-06	1.00E-05
5.74E+03	1.00E-06	1.00E-05
5.74E+03	1.00E-06	1.00E-05
5.74E+03	1.00E-06	1.00E-05
5.74E+03	1.00E-06	1.00E-05
5.74E+03	1.00E-06	1.00E-05
5.74E+03	1.00E-06	1.00E-05
5.75E+03	1.00E-06	1.00E-05
5.75E+03	1.00E-06	1.00E-05
5.75E+03	1.00E-06	1.00E-05
5.75E+03	1.00E-06	1.00E-05
5.75E+03	1.00E-06	1.00E-05
5.75E+03	1.00E-06	1.00E-05
5.75E+03	1.00E-06	1.00E-05
5.75E+03	1.00E-06	1.00E-05
5.76E+03	1.00E-06	1.00E-05
5.76E+03	1.00E-06	1.00E-05
5.76E+03	1.00E-06	1.00E-05
5.76E+03	1.00E-06	1.00E-05
5.76E+03	1.00E-06	1.00E-05
5.76E+03	1.00E-06	1.00E-05
5.76E+03	1.00E-06	1.00E-05
5.76E+03	1.00E-06	1.00E-05
5.77E+03	1.00E-06	1.00E-05
5.77E+03	1.00E-06	1.00E-05
5.77E+03	1.00E-06	1.00E-05
5.77E+03	1.00E-06	1.00E-05
5.77E+03	1.00E-06	1.00E-05
5.77E+03	1.00E-06	1.00E-05
5.77E+03	1.00E-06	1.00E-05
5.77E+03	1.00E-06	1.00E-05
5.78E+03	1.00E-06	1.00E-05
5.78E+03	1.00E-06	1.00E-05
5.78E+03	1.00E-06	1.00E-05
5.78E+03	1.00E-06	1.00E-05
5.78E+03	1.00E-06	1.00E-05
5.78E+03	1.00E-06	1.00E-05
5.78E+03	1.00E-06	1.00E-05
5.78E+03	1.00E-06	1.00E-05
5.79E+03	1.00E-06	1.00E-05
5.79E+03	1.00E-06	1.00E-05
5.79E+03	1.00E-06	1.00E-05
5.79E+03	1.00E-06	1.00E-05
5.79E+03	1.00E-06	1.00E-05
5.79E+03	1.00E-06	1.00E-05
5.79E+03	1.00E-06	1.00E-05
5.79E+03	1.00E-06	1.00E-05
5.80E+03	1.00E-06	1.00E-05
5.80E+03	1.00E-06	1.00E-05
5.80E+03	1.00E-06	1.00E-05
5.80E+03	1.00E-06	1.00E-05
5.80E+03	1.00E-06	1.00E-05
5.80E+03	1.00E-06	1.00E-05
5.80E+03	1.00E-06	1.00E-05
5.80E+03	1.00E-06	1.00E-05
5.81E+03	1.00E-06	1.00E-05
5.81E+03	1.00E-06	1.00E-05
5.81E+03	1.00E-06	1.00E-05
5.81E+03	1.00E-06	1.00E-05
5.81E+03	1.00E-06	1.00E-05
5.81E+03	1.00E-06	1.00E-05
5.81E+03	1.00E-06	1.00E-05
5.81E+03	1.00E-06	1.00E-05
5.82E+03	1.00E-06	1.00E-05
5.82E+03	1.00E-06	1.00E-05
5.82E+03	1.00E-06	1.00E-05
5.82E+03	1.00E-06	1.00E-05
5.82E+03	1.00E-06	1.00E-05
5.82E+03	1.00E-06	1.00E-05
5.82E+03	1.00E-06	1.00E-05
5.82E+03	1.00E-06	1.00E-05
5.83E+03	1.00E-06	1.00E-05
5.83E+03	1.00E-06	1.00E-05
5.83E+03	1.00E-06	1.00E-05
5.83E+03	1.00E-06	1.00E-05
5.83E+03	1.00E-06	1.00E-05
5.83E+03	1.00E-06	1.00E-05
5.83E+03	1.00E-06	1.00E-05
5.83E+03	1.00E-06	1.00E-05
5.84E+03	1.00E-06	1.00E-05
5.84E+03	1.00E-06	1.00E-05
5.84E+03	1.00E-06	1.00E-05
5.84E+03	1.00E-06	1.00E-05
5.84E+03	1.00E-06	1.00E-05
5.84E+03	1.00E-06	1.00E-05
5.84E+03	1.00E-06	1.00E-05
5.84E+03	1.00E-06	1.00E-05
5.85E+03	1.00E-06	1.00E-05
5.85E+03	1.00E-06	1.00E-05
5.85E+03	1.00E-06	1.00E-05
5.85E+03	1.00E-06	1.00E-05
5.85E+03	1.00E-06	1.00E-05
5.85E+03	1.00E-06	1.00E-05
5.85E+03	1.00E-06	1.00E-05
5.85E+03	1.00E-06	1.00E-05
5.86E+03	1.00E-06	1.00E-05
5.86E+03	1.00E-06	1.00E-05
5.86E+03	1.00E-06	1.00E-05
5.86E+03	1.00E-06	1.00E-05
5.86E+03	1.00E-06	1.00E-05
5.86E+03	1.00E-06	1.00E-05
5.86E+03	1.00E-06	1.00E-05
5.86E+03	1.00E-06	1.00E-05
5.87E+03	1.00E-06	1.00E-05
5.87E+03	1.00E-06	1.00E-05
5.87E+03	1.00E-06	1.00E-05
5.87E+03	1.00E-06	1.00E-05
5.87E+03	1.00E-06	1.00E-05
5.87E+03	1.00E-06	1.00E-05
5.87E+03	1.00E-06	1.00E-05
5.87E+03	1.00E-06	1.00E-05
5.88E+03	1.00E-06	1.00E-05
5.88E+03	1.00E-06	1.00E-05
5.88E+03	1.00E-06	1.00E-05
5.88E+03	1.00E-06	1.00E-05
5.88E+03	1.00E-06	1.00E-05
5.88E+03	1.00E-06	1.00E-05
5.88E+03	1.00E-06	1.00E-05
5.88E+03	1.00E-06	1.00E-05
5.89E+03	1.00E-06	1.00E-05
5.89E+03	1.00E-06	1.00E-05
5.89E+03	1.00E-06	1.00E-05
5.89E+03	1.00E-06	1.00E-05
5.89E+03	1.00E-06	1.00E-05
5.89E+03	1.00E-06	1.00E-05
5.89E+03	1.00E-06	1.00E-05
5.89E+03	1.00E-06	1.00E-05
5.90E+03	1.00E-06	1.00E-05
5.90E+03	1.00E-06	1.00E-05
5.90E+03	1.00E-06	1.00E-05
5.90E+03	1.00E-06	1.00E-05
5.90E+03	1.00E-06	1.00E-05
5.90E+03	1.00E-06	1.00E-05
5.90E+03	1.00E-06	1.00E-05
5.90E+03	1.00E-06	1.00E-05
5.91E+03	1.00E-06	1.00E-05
5.91E+03	1.00E-06	1.00E-05
5.91E+03	1.00E-06	1.00E-05
5.91E+03	1.00E-06	1.00E-05
5.91E+03	1.00E-06	1.00E-05
5.91E+03	1.00E-06	1.00E-05
5.91E+03	1.00E-06	1.00E-05
5.91E+03	1.00E-06	1.00E-05
5.92E+03	1.00E-06	1.00E-05
5.92E+03	1.00E-06	1.00E-05
5.92E+03	1.00E-06	1.00E-05
5.92E+03	1.00E-06	1.00E-05
5.92E+03	1.00E-06	1.00E-05
5.92E+03	1.00E-06	1.00E-05
5.92E+03	1.00E-06	1.00E-05
5.92E+03	1.00E-06	1.00E-05
5.93E+03	1.00E-06	1.00E-05
5.93E+03	1.00E-06	1.00E-05
5.93E+03	1.00E-06	1.00E-05
5.93E+03	1.00E-06	1.00E-05
5.93E+03	1.00E-06	1.00E-05
5.93E+03	1.00E-06	1.00E-05
5.93E+03	1.00E-06	1.00E-05
5.93E+03	1.00E-06	1.00E-05
5.94E+03	1.00E-06	1.00E-05
5.94E+03	1.00E-06	1.00E-05
5.94E+03	1.00E-06	1.00E-05
5.94E+03	1.00E-06	1.00E-05
5.94E+03	1.00E-06	1.00E-05
5.94E+03	1.00E-06	1.00E-05
5.94E+03	1.00E-06	1.00E-05
5.94E+03	1.00E-06	1.00E-05
5.95E+03	1.00E-06	1.00E-05
5.95E+03	1.00E-06	1.00E-05
5.95E+03	1.00E-06	1.00E-05
5.95E+03	1.00E-06	1.00E-05
5.95E+03	1.00E-06	1.00E-05
5.95E+03	1.00E-06	1.00E-05
5.95E+03	1.00E-06	1.00E-05
5.95E+03	1.00E-06	1.00E-05
5.96E+03	1.00E-06	1.00E-05
5.96E+03	1.00E-06	1.00E-05
5.96E+03	1.00E-06	1.00E-05
5.96E+03	1.00E-06	1.00E-05
5.96E+03	1.00E-06	1.00E-05
5.96E+03	1.00E-06	1.00E-05
5.96E+03	1.00E-06	1.00E-05
5.96E+03	1.00E-06	1.00E-05
5.97E+03	1.00E-06	1.00E-05
5.97E+03	1.00E-06	1.00E-05
5.97E+03	1.00E-06	1.00E-05
5.97E+03	1.00E-06	1.00E-05
5.97E+03	1.00E-06	1.00E-05
5.97E+03	1.00E-06	1.00E-05
5.97E+03	1.00E-06	1.00E-05
5.97E+03	1.00E-06	1.00E-05
5.98E+03	1.00E-06	1.00E-05
5.98E+03	1.00E-06	1.00E-05
5.98E+03	1.00E-06	1.00E-05
5.98E+03	1.00E-06	1.00E-05
5.98E+03	1.00E-06	1.00E-05
5.98E+03	1.00E-06	1.00E-05
5.98E+03	1.00E-06	1.00E-05
5.98E+03	1.00E-06	1.00E-05
5.99E+03	1.00E-06	1.00E-05
5.99E+03	1.00E-06	1.00E-05
5.99E+03	1.00E-06	1.00E-05
5.99E+03	1.00E-06	1.00E-05
5.99E+03	1.00E-06	1.00E-05
5.99E+03	1.00E-06	1.00E-05
5.99E+03	1.00E-06	1.00E-05
5.99E+03	1.00E-06	1.00E-05
6.00E+03	1.00E-06	1.00E-05
6.00E+03	1.00E-06	1.00E-05
6.00E+03	1.00E-06	1.00E-05
6.00E+03	1.00E-06	1.00E-05
6.00E+03	1.00E-06	1.00E-05
6.00E+03	1.00E-06	1.00E-05
6.00E+03	1.00E-06	1.00E-05
6.00E+03	1.00E-06	1.00E-05
6.01E+03	1.00E-06	1.00E-05
6.01E+03	1.00E-06	1.00E-05
6.01E+03	1.00E-06	1.00E-05
6.01E+03	1.00E-06	1.00E-05
6.01E+03	1.00E-06	1.00E-05
6.01E+03	1.00E-06	1.00E-05
6.01E+03	1.00E-06	1.00E-05
6.01E+03	1.00E-06	1.00E-05
6.02E+03	1.00E-06	1.00E-05
6.02E+03	1.00E-06	1.00E-05
6.02E+03	1.00E-06	1.00E-05
6.02E+03	1.00E-06	1.00E-05
6.02E+03	1.00E-06	1.00E-05
6.02E+03	1.00E-06	1.00E-05
6.02E+03	1.00E-06	1.00E-05
6.02E+03	1.00E-06	1.00E-05
6.03E+03	1.00E-06	1.00E-05
6.03E+03	1.00E-06	1.00E-05
6.03E+03	1.00E-06	1.00E-05
6.03E+03	1.00E-06	1.00E-05
6.03E+03	1.00E-06	1.00E-05
6.03E+03	1.00E-06	1.00E-05
6.03E+03	1.00E-06	1.00E-05
6.03E+03	1.00E-06	1.00E-05
6.04E+03	1.00E-06	1.00E-05
6.04E+03	1.00E-06	1.00E-05
6.04E+03	1.00E-06	1.00E-05
6.04E+03	1.00E-06	1.00E-05
6.04E+03	1.00E-06	1.00E-05
6.04E+03	1.00E-06	1.00E-05
6.04E+03	1.00E-06	1.00E-05
6.04E+03	1.00E-06	1.00E-05
6.05E+03	1.00E-06	1.00E-05
6.05E+03	1.00E-06	1.00E-05
6.05E+03	1.00E-06	1.00E-05
6.05E+03	1.00E-06	1.00E-05
6.05E+03	1.00E-06	1.00E-05
6.05E+03	1.00E-06	1.00E-05
6.05E+03	1.00E-06	1.00E-05
6.05E+03	1.00E-06	1.00E-05
6.06E+03	1.00E-06	1.00E-05
6.06E+03	1.00E-06	1.00E-05
6.06E+03	1.00E-06	1.00E-05
6.06E+03	1.00E-06	1.00E-05
6.06E+03	1.00E-06	1.00E-05
6.06E+03	1.00E-06	1.00E-05
6.06E+03	1.00E-06	1.00E-05
6.06E+03	1.00E-06	1.00E-05
6.07E+03	1.00E-06	1.00E-05
6.07E+03	1.00E-06	1.00E-05
6.07E+03	1.00E-06	1.00E-05
6.07E+03	1.00E-06	1.00E-05
6.07E+03	1.00E-06	1.00E-05
6.07E+03	1.00E-06	1.00E-05
6.07E+03	1.00E-06	1.00E-05
6.07E+03	1.00E-06	1.00E-05
6.08E+03	1.00E-06	1.00E-05
6.08E+03	1.00E-06	1.00E-05
6.08E+03	1.00E-06	1.00E-05
6.08E+03	1.00E-06	1.00E-05
6.08E+03	1.00E-06	1.00E-05
6.08E+03	1.00E-06	1.00E-05
6.08E+03	1.00E-06	1.00E-05
6.08E+03	1.00E-06	1.00E-05
6.09E+03	1.00E-06	1.00E-05
6.09E+03	1.00E-06	1.00E-05
6.09E+03	1.00E-06	1.00E-05
6.09E+03	1.00E-06	1.00E-05
6.09E+03	1.00E-06	1.00E-05
6.09E+03	1.00E-06	1.00E-05
6.09E+03	1.00E-06	1.00E-05
6.09E+03	1.00E-06	1.00E-05
6.10E+03	1.00E-06	1.00E-05
6.10E+03	1.00E-06	1.00E-05
6.10E+03	1.00E-06	1.00E-05
6.10E+03	1.00E-06	1.00E-05
6.10E+03	1.00E-06	1.00E-05
6.10E+03	1.00E-06	1.00E-05
6.10E+03	1.00E-06	1.00E-05
6.10E+03	1.00E-06	1.00E-05
6.11E+03	1.00E-06	1.00E-05
6.11E+03	1.00E-06	1.00E-05
6.11E+03	1.00E-06	1.00E-05
6.11E+03	1.00E-06	1.00E-05
6.11E+03	1.00E-06	1.00E-05
6.11E+03	1.00E-06	1.00E-05
6.11E+03	1.00E-06	1.00E-05
6.11E+03	1.00E-06	1.00E-05
6.12E+03	1.00E-06	1.00E-05
6.12E+03	1.00E-06	1.00E-05
6.12E+03	1.00E-06	1.00E-05
6.12E+03	1.00E-06	1.00E-05
6.12E+03	1.00E-06	1.00E-05
6.12E+03	1.00E-06	1.00E-05
6.12E+03	1.00E-06	1.00E-05
6.12E+03	1.00E-06	1.00E-05
6.13E+03	1.00E-06	1.00E-05
6.13E+03	1.00E-06	1.00E-05
6.13E+03	1.00E-06	1.00E-05
6.13E+03	1.00E-06	1.00E-05
6.13E+03	1.00E-06	1.00E-05
6.13E+03	1.00E-06	1.00E-05
6.13E+03	1.00E-06	1.00E-05
6.13E+03	1.00E-06	1.00E-05
6.14E+03	1.00E-06	1.00E-05
6.14E+03	1.00E-06	1.00E-05
6.14E+03	1.00E-06	1.00E-05
6.14E+03	1.00E-06	1.00E-05
6.14E+03	1.00E-06	1.00E-05
6.14E+03	1.00E-06	1.00E-05
6.14E+03	1.00E-06	1.00E-05
6.14E+03	1.00E-06	1.00E-05
6.15E+03	1.00E-06	1.00E-05
6.15E+03	1.00E-06	1.00E-05
6.15E+03	1.00E-06	1.00E-05
6.15E+03	1.00E-06	1.00E-05
6.15E+03	1.00E-06	1.00E-05
6.15E+03	1.00E-06	1.00E-05
6.15E+03	1.00E-06	1.00E-05
6.15E+03	1.00E-06	1.00E-05
6.16E+03	1.00E-06	1.00E-05
6.16E+03	1.00E-06	1.00E-05
6.16E+03	1.00E-06	1.00E-05
6.16E+03	1.00E-06	1.00E-05
6.16E+03	1.00E-06	1.00E-05
6.16E+03	1.00E-06	1.00E-05
6.16E+03	1.00E-06	1.00E-05
6.16E+03	1.00E-06	1.00E-05
6.17E+03	1.00E-06	1.00E-05
6.17E+03	1.00E-06	1.00E-05
6.17E+03	1.00E-06	1.00E-05
6.17E+03	1.00E-06	1.00E-05
6.17E+03	1.00E-06	1.00E-05
6.17E+03	1.00E-06	1.00E-05
6.17E+03	1.00E-06	1.00E-05
6.17E+03	1.00E-06	1.00E-05
6.18E+03	1.00E-06	1.00E-05
6.18E+03	1.00E-06	1.00E-05
6.18E+03	1.00E-06	1.00E-05
6.18E+03	1.00E-06	1.00E-05
6.18E+03	1.00E-06	1.00E-05
6.18E+03	1.00E-06	1.00E-05
6.18E+03	1.00E-06	1.00E-05
6.18E+03	1.00E-06	1.00E-05
6.19E+03	1.00E-06	1.00E-05
6.19E+03	1.00E-06	1.00E-05
6.19E+03	1.00E-06	1.00E-05
6.19E+03	1.00E-06	1.00E-05
6.19E+03	1.00E-06	1.00E-05
6.19E+03	1.00E-06	1.00E-05
6.19E+03	1.00E-06	1.00E-05
6.19E+03	1.00E-06	1.00E-05
6.20E+03	1.00E-06	1.00E-05
6.20E+03	1.00E-06	1.00E-05
6.20E+03	1.00E-06	1.00E-05
6.20E+03	1.00E-06	1.00E-05
6.20E+03	1.00E-06	1.00E-05
6.20E+03	1.00E-06	1.00E-05
6.20E+03	1.00E-06	1.00E-05
6.20E+03	1.00E-06	1.00E-05
6.21E+03	1.00E-06	1.00E-05
6.21E+03	1.00E-06	1.00E-05
6.21E+03	1.00E-06	1.00E-05
6.21E+03	1.00E-06	1.00E-05
6.21E+03	1.00E-06	1.00E-05
6.21E+03	1.00E-06	1.00E-05
6.21E+03	1.00E-06	1.00E-05
6.21E+03	1.00E-06	1.00E-05
6.22E+03	1.00E-06	1.00E-05
6.22E+03	1.00E-06	1.00E-05
6.22E+03	1.00E-06	1.00E-05
6.22E+03	1.00E-06	1.00E-05
6.22E+03	1.00E-06	1.00E-05
6.22E+03	1.00E-06	1.00E-05
6.22E+03	1.00E-06	1.00E-05
6.22E+03	1.00E-06	1.00E-05
6.23E+03	1.00E-06	1.00E-05
6.23E+03	1.00E-06	1.00E-05
6.23E+03	1.00E-06	1.00E-05
6.23E+03	1.00E-06	1.00E-05
6.23E+03	1.00E-06	1.00E-05
6.23E+03	1.00E-06	1.00E-05
6.23E+03	1.00E-06	1.00E-05
6.23E+03	1.00E-06	1.00E-05
6.24E+03	1.00E-06	1.00E-05
6.24E+03	1.00E-06	1.00E-05
6.24E+03	1.00E-06	1.00E-05
6.24E+03	1.00E-06	1.00E-05
6.24E+03	1.00E-06	1.00E-05
6.24E+03	1.00E-06	1.00E-05
6.24E+03	1.00E-06	1.00E-05
6.24E+03	1.00E-06	1.00E-05
6.25E+03	1.00E-06	1.00E-05
6.25E+03	1.00E-06	1.00E-05
6.25E+03	1.00E-06	1.00E-05
6.25E+03	1.00E-06	1.00E-05
6.25E+03	1.00E-06	1.00E-05
6.25E+03	1.00E-06	1.00E-05
6.25E+03	1.00E-06	1.00E-05
6.25E+03	1.00E-06	1.00E-05
6.26E+03	1.00E-06	1.00E-05
6.26E+03	1.00E-06	1.00E-05
6.26E+03	1.00E-06	1.00E-05
6.26E+03	1.00E-06	1.00E-05
6.26E+03	1.00E-06	1.00E-05
6.26E+03	1.00E-06	1.00E-05
6.26E+03	1.00E-06	1.00E-05
6.26E+03	1.00E-06	1.00E-05
6.27E+03	1.00E-06	1.00E-05
6.27E+03	1.00E-06	1.00E-05
6.27E+03	1.00E-06	1.00E-05
6.27E+03	1.00E-06	1.00E-05
6.27E+03	1.00E-06	1.00E-05
6.27E+03	1.00E-06	1.00E-05
6.27E+03	1.00E-06	1.00E-05
6.27E+03	1.00E-06	1.00E-05
6.28E+03	1.00E-06	1.00E-05
6.28E+03	1.00E-06	1.00E-05
6.28E+03	1.00E-06	1.00E-05
6.28E+03	1.00E-06	1.00E-05
6.28E+03	1.00E-06	1.00E-05
6.28E+03	1.00E-06	1.00E-05
6.28E+03	1.00E-06	1.00E-05
6.28E+03	1.00E-06	1.00E-05
6.29E+03	1.00E-06	1.00E-05
6.29E+03	1.00E-06	1.00E-05
6.29E+03	1.00E-06	1.00E-05
6.29E+03	1.00E-06	1.00E-05
6.29E+03	1.00E-06	1.00E-05
6.29E+03	1.00E-06	1.00E-05
6.29E+03	1.00E-06	1.00E-05
6.29E+03	1.00E-06	1.00E-05
6.30E+03	1.00E-06	1.00E-05
6.30E+03	1.00E-06	1.00E-05
6.30E+03	1.00E-06	1.00E-05
6.30E+03	1.00E-06	1.00E-05
6.30E+03	1.00E-06	1.00E-05
6.30E+03	1.00E-06	1.00E-05
6.30E+03	1.00E-06	1.00E-05
6.30E+03	1.00E-06	1.00E-05
6.31E+03	1.00E-06	1.00E-05
6.31E+03	1.00E-06	1.00E-05
6.31E+03	1.00E-06	1.00E-05
6.31E+03	1.00E-06	1.00E-05
6.31E+03	1.00E-06	1.00E-05
6.31E+03	1.00E-06	1.00E-05
6.31E+03	1.00E-06	1.00E-05
6.31E+03	1.00E-06	1.00E-05
6.32E+03	1.00E-06	1.00E-05
6.32E+03	1.00E-06	1.00E-05
6.32E+03	1.00E-06	1.00E-05
6.32E+03	1.00E-06	1.00E-05
6.32E+03	1.00E-06	1.00E-05
6.32E+03	1.00E-06	1.00E-05
6.32E+03	1.00E-06	1.00E-05
6.32E+03	1.00E-06	1.00E-05
6.33E+03	1.00E-06	1.00E-05
6.33E+03	1.00E-06	1.00E-05
6.33E+03	1.00E-06	1.00E-05
6.33E+03	1.00E-06	1.00E-05
6.33E+03	1.00E-06	1.00E-05
6.33E+03	1.00E-06	1.00E-05
6.33E+03	1.00E-06	1.00E-05
6.33E+03	1.00E-06	1.00E-05
6.34E+03	1.00E-06	1.00E-05
6.34E+03	1.00E-06	1.00E-05
6.34E+03	1.00E-06	1.00E-05
6.34E+03	1.00E-06	1.00E-05
6.34E+03	1.00E-06	1.00E-05
6.34E+03	1.00E-06	1.00E-05
6.34E+03	1.00E-06	1.00E-05
6.34E+03	1.00E-06	1.00E-05
6.35E+03	1.00E-06	1.00E-05
6.35E+03	1.00E-06	1.00E-05
6.35E+03	1.00E-06	1.00E-05
6.35E+03	1.00E-06	1.00E-05
6.35E+03	1.00E-06	1.00E-05
6.35E+03	1.00E-06	1.00E-05
6.35E+03	1.00E-06	1.00E-05
6.35E+03	1.00E-06	1.00E-05
6.36E+03	1.00E-06	1.00E-05
6.36E+03	1.00E-06	1.00E-05
6.36E+03	1.00E-06	1.00E-05
6.36E+03	1.00E-06	1.00E-05
6.36E+03	1.00E-06	1.00E-05
6.36E+03	1.00E-06	1.00E-05
6.36E+03	1.00E-06	1.00E-05
6.36E+03	1.00E-06	1.00E-05
6.37E+03	1.00E-06	1.00E-05
6.37E+03	1.00E-06	1.00E-05
6.37E+03	1.00E-06	1.00E-05
6.37E+03	1.00E-06	1.00E-05
6.37E+03	1.00E-06	1.00E-05
6.37E+03	1.00E-06	1.00E-05
6.37E+03	1.00E-06	1.00E-05
6.37E+03	1.00E-06	1.00E-05
6.38E+03	1.00E-06	1.00E-05
6.38E+03	1.00E-06	1.00E-05
6.38E+03	1.00E-06	1.00E-05
6.38E+03	1.00E-06	1.00E-05
6.38E+03	1.00E-06	1.00E-05
6.38E+03	1.00E-06	1.00E-05
6.38E+03	1.00E-06	1.00E-05
6.38E+03	1.00E-06	1.00E-05
6.39E+03	1.00E-06	1.00E-05
6.39E+03	1.00E-06	1.00E-05
6.39E+03	1.00E-06	1.00E-05
6.39E+03	1.00E-06	1.00E-05
6.39E+03	1.00E-06	1.00E-05
6.39E+03	1.00E-06	1.00E-05
6.39E+03	1.00E-06	1.00E-05
6.39E+03	1.00E-06	1.00E-05
6.40E+03	1.00E-06	1.00E-05
6.40E+03	1.00E-06	1.00E-05
6.40E+03	1.00E-06	1.00E-05
6.40E+03	1.00E-06	1.00E-05
6.40E+03	1.00E-06	1.00E-05
6.40E+03	1.00E-06	1.00E-05
6.40E+03	1.00E-06	1.00E-05
6.40E+03	1.00E-06	1.00E-05
6.41E+03	1.00E-06	1.00E-05
6.41E+03	1.00E-06	1.00E-05
6.41E+03	1.00E-06	1.00E-05
6.41E+03	1.00E-06	1.00E-05
6.41E+03	1.00E-06	1.00E-05
6.41E+03	1.00E-06	1.00E-05
6.41E+03	1.00E-06	1.00E-05
6.41E+03	1.00E-06	1.00E-05
6.42E+03	1.00E-06	1.00E-05
6.42E+03	1.00E-06	1.00E-05
6.42E+03	1.00E-06	1.00E-05
6.42E+03	1.00E-06	1.00E-05
6.42E+03	1.00E-06	1.00E-05
6.42E+03	1.00E-06	1.00E-05
6.42E+03	1.00E-06	1.00E-05
6.42E+03	1.00E-06	1.00E-05
6.43E+03	1.00E-06	1.00E-05
6.43E+03	1.00E-06	1.00E-05
6.43E+03	1.00E-06	1.00E-05
6.43E+03	1.00E-06	1.00E-05
6.43E+03	1.00E-06	1.00E-05
6.43E+03	1.00E-06	1.00E-05
6.43E+03	1.00E-06	1.00E-05
6.43E+03	1.00E-06	1.00E-05
6.44E+03	1.00E-06	1.00E-05
6.44E+03	1.00E-06	1.00E-05
6.44E+03	1.00E-06	1.00E-05
6.44E+03	1.00E-06	1.00E-05
6.44E+03	1.00E-06	1.00E-05
6.44E+03	1.00E-06	1.00E-05
6.44E+03	1.00E-06	1.00E-05
6.44E+03	1.00E-06	1.00E-05
6.45E+03	1.00E-06	1.00E-05
6.45E+03	1.00E-06	1.00E-05
6.45E+03	1.00E-06	1.00E-05
6.45E+03	1.00E-06	1.00E-05
6.45E+03	1.00E-06	1.00E-05
6.45E+03	1.00E-06	1.00E-05
6.45E+03	1.00E-06	1.00E-05
6.45E+03	1.00E-06	1.00E-05
6.46E+03	1.00E-06	1.00E-05
6.46E+03	1.00E-06	1.00E-05
6.46E+03	1.00E-06	1.00E-05
6.46E+03	1.00E-06	1.00E-05
6.46E+03	1.00E-06	1.00E-05
6.46E+03	1.00E-06	1.00E-05
6.46E+03	1.00E-06	1.00E-05
6.46E+03	1.00E-06	1.00E-05
6.47E+03	1.00E-06	1.00E-05
6.47E+03	1.00E-06	1.00E-05
6.47E+03	1.00E-06	1.00E-05
6.47E+03	1.00E-06	1.00E-05
6.47E+03	1.00E-06	1.00E-05
6.47E+03	1.00E-06	1.00E-05
6.47E+03	1.00E-06	1.00E-05
6.47E+03	1.00E-06	1.00E-05
6.48E+03	1.00E-06	1.00E-05
6.48E+03	1.00E-06	1.00E-05
6.48E+03	1.00E-06	1.00E-05
6.48E+03	1.00E-06	1.00E-05
6.48E+03	1.00E-06	1.00E-05
6.48E+03	1.00E-06	1.00E-05
6.48E+03	1.00E-06	1.00E-05
6.48E+03	1.00E-06	1.00E-05
6.49E+03	1.00E-06	1.00E-05
6.49E+03	1.00E-06	1.00E-05
6.49E+03	1.00E-06	1.00E-05
6.49E+03	1.00E-06	1.00E-05
6.49E+03	1.00E-06	1.00E-05
6.49E+03	1.00E-06	1.00E-05
6.49E+03	1.00E-06	1.00E-05
6.49E+03	1.00E-06	1.00E-05
6.50E+03	1.00E-06	1.00E-05
6.50E+03	1.00E-06	1.00E-05
6.50E+03	1.00E-06	1.00E-05
6.50E+03	1.00E-06	1.00E-05
6.50E+03	1.00E-06	1.00E-05
6.50E+03	1.00E-06	1.00E-05
6.50E+03	1.00E-06	1.00E-05
6.50E+03	1.00E-06	1.00E-05
6.51E+03	1.00E-06	1.00E-05
6.51E+03	1.00E-06	1.00E-05
6.51E+03	1.00E-06	1.00E-05
6.51E+03	1.00E-06	1.00E-05
6.51E+03	1.00E-06	1.00E-05
6.51E+03	1.00E-06	1.00E-05
6.51E+03	1.00E-06	1.00E-05
6.51E+03	1.00E-06	1.00E-05
6.52E+03	1.00E-06	1.00E-05
6.52E+03	1.00E-06	1.00E-05
6.52E+03	1.00E-06	1.00E-05
6.52E+03	1.00E-06	1.00E-05
6.52E+03	1.00E-06	1.00E-05
6.52E+03	1.00E-06	1.00E-05
6.52E+03	1.00E-06	1.00E-05
6.52E+03	1.00E-06	1.00E-05
6.53E+03	1.00E-06	1.00E-05
6.53E+03	1.00E-06	1.00E-05
6.53E+03	1.00E-06	1.00E-05
6.53E+03	1.00E-06	1.00E-05
6.53E+03	1.00E-06	1.00E-05
6.53E+03	1.00E-06	1.00E-05
6.53E+03	1.00E-06	1.00E-05
6.53E+03	1.00E-06	1.00E-05
6.54E+03	1.00E-06	1.00E-05
6.54E+03	1.00E-06	1.00E-05
6.54E+03	1.00E-06	1.00E-05
6.54E+03	1.00E-06	1.00E-05
6.54E+03	1.00E-06	1.00E-05
6.54E+03	1.00E-06	1.00E-05
6.54E+03	1.00E-06	1.00E-05
6.54E+03	1.00E-06	1.00E-05
6.55E+03	1.00E-06	1.00E-05
6.55E+03	1.00E-06	1.00E-05
6.55E+03	1.00E-06	1.00E-05
6.55E+03	1.00E-06	1.00E-05
6.55E+03	1.00E-06	1.00E-05
6.55E+03	1.00E-06	1.00E-05
6.55E+03	1.00E-06	1.00E-05
6.55E+03	1.00E-06	1.00E-05
6.56E+03	1.00E-06	1.00E-05
6.56E+03	1.00E-06	1.00E-05
6.56E+03	1.00E-06	1.00E-05
6.56E+03	1.00E-06	1.00E-05
6.56E+03	1.00E-06	1.00E-05
6.56E+03	1.00E-06	1.00E-05
6.56E+03	1.00E-06	1.00E-05
6.56E+03	1.00E-06	1.00E-05
6.57E+03	1.00E-06	1.00E-05
6.57E+03	1.00E-06	1.00E-05
6.57E+03	1.00E-06	1.00E-05
6.57E+03	1.00E-06	1.00E-05
6.57E+03	1.00E-06	1.00E-05
6.57E+03	1.00E-06	1.00E-05
6.57E+03	1.00E-06	1.00E-05
6.57E+03	1.00E-06	1.00E-05
6.58E+03	1.00E-06	1.00E-05
6.58E+03	1.00E-06	1.00E-05
6.58E+03	1.00E-06	1.00E-05
6.58E+03	1.00E-06	1.00E-05
6.58E+03	1.00E-06	1.00E-05
6.58E+03	1.00E-06	1.00E-05
6.58E+03	1.00E-06	1.00E-05
6.58E+03	1.00E-06	1.00E-05
6.59E+03	1.00E-06	1.00E-05
6.59E+03	1.00E-06	1.00E-05
6.59E+03	1.00E-06	1.00E-05
6.59E+03	1.00E-06	1.00E-05
6.59E+03	1.00E-06	1.00E-05
6.59E+03	1.00E-06	1.00E-05
6.59E+03	1.00E-06	1.00E-05
6.59E+03	1.00E-06	1.00E-05
6.60E+03	1.00E-06	1.00E-05
6.60E+03	1.00E-06	1.00E-05
6.60E+03	1.00E-06	1.00E-05
6.60E+03	1.00E-06	1.00E-05
6.60E+03	1.00E-06	1.00E-05
6.60E+03	1.00E-06	1.00E-05
6.60E+03	1.00E-06	1.00E-05
6.60E+03	1.00E-06	1.00E-05
6.61E+03	1.00E-06	1.00E-05
6.61E+03	1.00E-06	1.00E-05
6.61E+03	1.00E-06	1.00E-05
6.61E+03	1.00E-06	1.00E-05
6.61E+03	1.00E-06	1.00E-05
6.61E+03	1.00E-06	1.00E-05
6.61E+03	1.00E-06	1.00E-05
6.61E+03	1.00E-06	1.00E-05
6.62E+03	1.00E-06	1.00E-05
6.62E+03	1.00E-06	1.00E-05
6.62E+03	1.00E-06	1.00E-05
6.62E+03	1.00E-06	1.00E-05
6.62E+03	1.00E-06	1.00E-05
6.62E+03	1.00E-06	1.00E-05
6.62E+03	1.00E-06	1.00E-05
6.62E+03	1.00E-06	1.00E-05
6.63E+03	1.00E-06	1.00E-05
6.63E+03	1.00E-06	1.00E-05
6.63E+03	1.00E-06	1.00E-05
6.63E+03	1.00E-06	1.00E-05
6.63E+03	1.00E-06	1.00E-05
6.63E+03	1.00E-06	1.00E-05
6.63E+03	1.00E-06	1.00E-05
6.63E+03	1.00E-06	1.00E-05
6.64E+03	1.00E-06	1.00E-05
6.64E+03	1.00E-06	1.00E-05
6.64E+03	1.00E-06	1.00E-05
6.64E+03	1.00E-06	1.00E-05
6.64E+03	1.00E-06	1.00E-05
6.64E+03	1.00E-06	1.00E-05
6.64E+03	1.00E-06	1.00E-05
6.64E+03	1.00E-06	1.00E-05
6.65E+03	1.00E-06	1.00E-05
6.65E+03	1.00E-06	1.00E-05
6.65E+03	1.00E-06	1.00E-05
6.65E+03	1.00E-06	1.00E-05
6.65E+03	1.00E-06	1.00E-05
6.65E+03	1.00E-06	1.00E-05
6.65E+03	1.00E-06	1.00E-05
6.65E+03	1.00E-06	1.00E-05
6.66E+03	1.00E-06	1.00E-05
6.66E+03	1.00E-06	1.00E-05
6.66E+03	1.00E-06	1.00E-05
6.66E+03	1.00E-06	1.00E-05
6.66E+03	1.00E-06	1.00E-05
6.66E+03	1.00E-06	1.00E-05
6.66E+03	1.00E-06	1.00E-05
6.66E+03	1.00E-06	1.00E-05
6.67E+03	1.00E-06	1.00E-05
6.67E+03	1.00E-06	1.00E-05
6.67E+03	1.00E-06	1.00E-05
6.67E+03	1.00E-06	1.00E-05
6.67E+03	1.00E-06	1.00E-05
6.67E+03	1.00E-06	1.00E-05
6.67E+03	1.00E-06	1.00E-05
6.67E+03	1.00E-06	1.00E-05
6.68E+03	1.00E-06	1.00E-05
6.68E+03	1.00E-06	1.00E-05
6.68E+03	1.00E-06	1.00E-05
6.68E+03	1.00E-06	1.00E-05
6.68E+03	1.00E-06	1.00E-05
6.68E+03	1.00E-06	1.00E-05
6.68E+03	1.00E-06	1.00E-05
6.68E+03	1.00E-06	1.00E-05
6.69E+03	1.00E-06	1.00E-05
6.69E+03	1.00E-06	1.00E-05
6.69E+03	1.00E-06	1.00E-05
6.69E+03	1.00E-06	1.00E-05
6.69E+03	1.00E-06	1.00E-05
6.69E+03	1.00E-06	1.00E-05
6.69E+03	1.00E-06	1.00E-05
6.69E+03	1.00E-06	1.00E-05
6.70E+03	1.00E-06	1.00E-05
6.70E+03	1.00E-06	1.00E-05
6.70E+03	1.00E-06	1.00E-05
6.70E+03	1.00E-06	1.00E-05
6.70E+03	1.00E-06	1.00E-05
6.70E+03	1.00E-06	1.00E-05
6.70E+03	1.00E-06	1.00E-05
6.70E+03	1.00E-06	1.00E-05
6.71E+03	1.00E-06	1.00E-05
6.71E+03	1.00E-06	1.00E-05
6.71E+03	1.00E-06	1.00E-05
6.71E+03	1.00E-06	1.00E-05
6.71E+03	1.00E-06	1.00E-05
6.71E+03	1.00E-06	1.00E-05
6.71E+03	1.00E-06	1.00E-05
6.71E+03	1.00E-06	1.00E-05
6.72E+03	1.00E-06	1.00E-05
6.72E+03	1.00E-06	1.00E-05
6.72E+03	1.00E-06	1.00E-05
6.72E+03	1.00E-06	1.00E-05
6.72E+03	1.00E-06	1.00E-05
6.72E+03	1.00E-06	1.00E-05
6.72E+03	1.00E-06	1.00E-05
6.72E+03	1.00E-06	1.00E-05
6.73E+03	1.00E-06	1.00E-05
6.73E+03	1.00E-06	1.00E-05
6.73E+03	1.00E-06	1.00E-05
6.73E+03	1.00E-06	1.00E-05
6.73E+03	1.00E-06	1.00E-05
6.73E+03	1.00E-06	1.00E-05
6.73E+03	1.00E-06	1.00E-05
6.73E+03	1.00E-06	1.00E-05
6.74E+03	1.00E-06	1.00E-05
6.74E+03	1.00E-06	1.00E-05
6.74E+03	1.00E-06	1.00E-05
6.74E+03	1.00E-06	1.00E-05
6.74E+03	1.00E-06	1.00E-05
6.74E+03	1.00E-06	1.00E-05
6.74E+03	1.00E-06	1.00E-05
6.74E+03	1.00E-06	1.00E-05
6.75E+03	1.00E-06	1.00E-05
6.75E+03	1.00E-06	1.00E-05
6.75E+03	1.00E-06	1.00E-05
6.75E+03	1.00E-06	1.00E-05
6.75E+03	1.00E-06	1.00E-05
6.75E+03	1.00E-06	1.00E-05
6.75E+03	1.00E-06	1.00E-05
6.75E+03	1.00E-06	1.00E-05
6.76E+03	1.00E-06	1.00E-05
6.76E+03	1.00E-06	1.00E-05
6.76E+03	1.00E-06	1.00E-05
6.76E+03	1.00E-06	1.00E-05
6.76E+03	1.00E-06	1.00E-05
6.76E+03	1.00E-06	1.00E-05
6.76E+03	1.00E-06	1.00E-05
6.76E+03	1.00E-06	1.00E-05
6.77E+03	1.00E-06	1.00E-05
6.77E+03	1.00E-06	1.00E-05
6.77E+03	1.00E-06	1.00E-05
6.77E+03	1.00E-06	1.00E-05
6.77E+03	1.00E-06	1.00E-05
6.77E+03	1.00E-06	1.00E-05
6.77E+03	1.00E-06	1.00E-05
6.77E+03	1.00E-06	1.00E-05
6.78E+03	1.00E-06	1.00E-05
6.78E+03	1.00E-06	1.00E-05
6.78E+03	1.00E-06	1.00E-05
6.78E+03	1.00E-06	1.00E-05
6.78E+03	1.00E-06	1.00E-05
6.78E+03	1.00E-06	1.00E-05
6.78E+03	1.00E-06	1.00E-05
6.78E+03	1.00E-06	1.00E-05
6.79E+03	1.00E-06	1.00E-05
6.79E+03	1.00E-06	1.00E-05
6.79E+03	1.00E-06	1.00E-05
6.79E+03	1.00E-06	1.00E-05
6.79E+03	1.00E-06	1.00E-05
6.79E+03	1.00E-06	1.00E-05
6.79E+03	1.00E-06	1.00E-05
6.79E+03	1.00E-06	1.00E-05
6.80E+03	1.00E-06	1.00E-05
6.80E+03	1.00E-06	1.00E-05
6.80E+03	1.00E-06	1.00E-05
6.80E+03	1.00E-06	1.00E-05
6.80E+03	1.00E-06	1.00E-05
6.80E+03	1.00E-06	1.00E-05
6.80E+03	1.00E-06	1.00E-05
6.80E+03	1.00E-06	1.00E-05
6.81E+03	1.00E-06	1.00E-05
6.81E+03	1.00E-06	1.00E-05
6.81E+03	1.00E-06	1.00E-05
6.81E+03	1.00E-06	1.00E-05
6.81E+03	1.00E-06	1.00E-05
6.81E+03	1.00E-06	1.00E-05
6.81E+03	1.00E-06	1.00E-05
6.81E+03	1.00E-06	1.00E-05
6.82E+03	1.00E-06	1.00E-05
6.82E+03	1.00E-06	1.00E-05
6.82E+03	1.00E-06	1.00E-05
6.82E+03	1.00E-06	1.00E-05
6.82E+03	1.00E-06	1.00E-05
6.82E+03	1.00E-06	1.00E-05
6.82E+03	1.00E-06	1.00E-05
6.82E+03	1.00E-06	1.00E-05
6.83E+03	1.00E-06	1.00E-05
6.83E+03	1.00E-06	1.00E-05
6.83E+03	1.00E-06	1.00E-05
6.83E+03	1.00E-06	1.00E-05
6.83E+03	1.00E-06	1.00E-05
6.83E+03	1.00E-06	1.00E-05
6.83E+03	1.00E-06	1.00E-05
6.83E+03	1.00E-06	1.00E-05
6.84E+03	1.00E-06	1.00E-05
6.84E+03	1.00E-06	1.00E-05
6.84E+03	1.00E-06	1.00E-05
6.84E+03	1.00E-06	1.00E-05
6.84E+03	1.00E-06	1.00E-05
6.84E+03	1.00E-06	1.00E-05
6.84E+03	1.00E-06	1.00E-05
6.84E+03	1.00E-06	1.00E-05
6.85E+03	1.00E-06	1.00E-05
6.85E+03	1.00E-06	1.00E-05
6.85E+03	1.00E-06	1.00E-05
6.85E+03	1.00E-06	1.00E-05
6.85E+03	1.00E-06	1.00E-05
6.85E+03	1.00E-06	1.00E-05
6.85E+03	1.00E-06	1.00E-05
6.85E+03	1.00E-06	1.00E-05
6.86E+03	1.00E-06	1.00E-05
6.86E+03	1.00E-06	1.00E-05
6.86E+03	1.00E-06	1.00E-05
6.86E+03	1.00E-06	1.00E-05
6.86E+03	1.00E-06	1.00E-05
6.86E+03	1.00E-06	1.00E-05
6.86E+03	1.00E-06	1.00E-05
6.86E+03	1.00E-06	1.00E-05
6.87E+03	1.00E-06	1.00E-05
6.87E+03	1.00E-06	1.00E-05
6.87E+03	1.00E-06	1.00E-05
6.87E+03	1.00E-06	1.00E-05
6.87E+03	1.00E-06	1.00E-05
6.87E+03	1.00E-06	1.00E-05
6.87E+03	1.00E-06	1.00E-05
6.87E+03	1.00E-06	1.00E-05
6.88E+03	1.00E-06	1.00E-05
6.88E+03	1.00E-06	1.00E-05
6.88E+03	1.00E-06	1.00E-05
6.88E+03	1.00E-06	1.00E-05
6.88E+03	1.00E-06	1.00E-05
6.88E+03	1.00E-06	1.00E-05
6.88E+03	1.00E-06	1.00E-05
6.88E+03	1.00E-06	1.00E-05
6.89E+03	1.00E-06	1.00E-05
6.89E+03	1.00E-06	1.00E-05
6.89E+03	1.00E-06	1.00E-05
6.89E+03	1.00E-06	1.00E-05
6.89E+03	1.00E-06	1.00E-05
6.89E+03	1.00E-06	1.00E-05
6.89E+03	1.00E-06	1.00E-05
6.89E+03	1.00E-06	1.00E-05
6.90E+03	1.00E-06	1.00E-05
6.90E+03	1.00E-06	1.00E-05
6.90E+03	1.00E-06	1.00E-05
6.90E+03	1.00E-06	1.00E-05
6.90E+03	1.00E-06	1.00E-05
6.90E+03	1.00E-06	1.00E-05
6.90E+03	1.00E-06	1.00E-05
6.90E+03	1.00E-06	1.00E-05
6.91E+03	1.00E-06	1.00E-05
6.91E+03	1.00E-06	1.00E-05
6.91E+03	1.00E-06	1.00E-05
6.91E+03	1.00E-06	1.00E-05
6.91E+03	1.00E-06	1.00E-05
6.91E+03	1.00E-06	1.00E-05
6.91E+03	1.00E-06	1.00E-05
6.91E+03	1.00E-06	1.00E-05
6.92E+03	1.00E-06	1.00E-05
6.92E+03	1.00E-06	1.00E-05
6.92E+03	1.00E-06	1.00E-05
6.92E+03	1.00E-06	1.00E-05
6.92E+03	1.00E-06	1.00E-05
6.92E+03	1.00E-06	1.00E-05
6.92E+03	1.00E-06	1.00E-05
6.92E+03	1.00E-06	1.00E-05
6.93E+03	1.00E-06	1.00E-05
6.93E+03	1.00E-06	1.00E-05
6.93E+03	1.00E-06	1.00E-05
6.93E+03	1.00E-06	1.00E-05
6.93E+03	1.00E-06	1.00E-05
6.93E+03	1.00E-06	1.00E-05
6.93E+03	1.00E-06	1.00E-05
6.93E+03	1.00E-06	1.00E-05
6.94E+03	1.00E-06	1.00E-05
6.94E+03	1.00E-06	1.00E-05
6.94E+03	1.00E-06	1.00E-05
6.94E+03	1.00E-06	1.00E-05
6.94E+03	1.00E-06	1.00E-05
6.94E+03	1.00E-06	1.00E-05
6.94E+03	1.00E-06	1.00E-05
6.94E+03	1.00E-06	1.00E-05
6.95E+03	1.00E-06	1.00E-05
6.95E+03	1.00E-06	1.00E-05
6.95E+03	1.00E-06	1.00E-05
6.95E+03	1.00E-06	1.00E-05
6.95E+03	1.00E-06	1.00E-05
6.95E+03	1.00E-06	1.00E-05
6.95E+03	1.00E-06	1.00E-05
6.95E+03	1.00E-06	1.00E-05
6.96E+03	1.00E-06	1.00E-05
6.96E+03	1.00E-06	1.00E-05
6.96E+03	1.00E-06	1.00E-05
6.96E+03	1.00E-06	1.00E-05
6.96E+03	1.00E-06	1.00E-05
6.96E+03	1.00E-06	1.00E-05
6.96E+03	1.00E-06	1.00E-05
6.96E+03	1.00E-06	1.00E-05
6.97E+03	1.00E-06	1.00E-05
6.97E+03	1.00E-06	1.00E-05
6.97E+03	1.00E-06	1.00E-05
6.97E+03	1.00E-06	1.00E-05
6.97E+03	1.00E-06	1.00E-05
6.97E+03	1.00E-06	1.00E-05
6.97E+03	1.00E-06	1.00E-05
6.97E+03	1.00E-06	1.00E-05
6.98E+03	1.00E-06	1.00E-05
6.98E+03	1.00E-06	1.00E-05
6.98E+03	1.00E-06	1.00E-05
6.98E+03	1.00E-06	1.00E-05
6.98E+03	1.00E-06	1.00E-05
6.98E+03	1.00E-06	1.00E-05
6.98E+03	1.00E-06	1.00E-05
6.98E+03	1.00E-06	1.00E-05
6.99E+03	1.00E-06	1.00E-05
6.99E+03	1.00E-06	1.00E-05
6.99E+03	1.00E-06	1.00E-05
6.99E+03	1.00E-06	1.00E-05
6.99E+03	1.00E-06	1.00E-05
6.99E+03	1.00E-06	1.00E-05
6.99E+03	1.00E-06	1.00E-05
6.99E+03	1.00E-06	1.00E-05
7.00E+03	1.00E-06	1.00E-05
7.00E+03	1.00E-06	1.00E-05
7.00E+03	1.00E-06	1.00E-05
7.00E+03	1.00E-06	1.00E-05
7.00E+03	1.00E-06	1.00E-05
7.00E+03	1.00E-06	1.00E-05
7.00E+03	1.00E-06	1.00E-05
7.00E+03	1.00E-06	1.00E-05
7.01E+03	1.00E-06	1.00E-05
7.01E+03	1.00E-06	1.00E-05
7.01E+03	1.00E-06	1.00E-05
7.01E+03	1.00E-06	1.00E-05
7.01E+03	1.00E-06	1.00E-05
7.01E+03	1.00E-06	1.00E-05
7.01E+03	1.00E-06	1.00E-05
7.01E+03	1.00E-06	1.00E-05
7.02E+03	1.00E-06	1.00E-05
7.02E+03	1.00E-06	1.00E-05
7.02E+03	1.00E-06	1.00E-05
7.02E+03	1.00E-06	1.00E-05
7.02E+03	1.00E-06	1.00E-05
7.02E+03	1.00E-06	1.00E-05
7.02E+03	1.00E-06	1.00E-05
7.02E+03	1.00E-06	1.00E-05
7.03E+03	1.00E-06	1.00E-05
7.03E+03	1.00E-06	1.00E-05
7.03E+03	1.00E-06	1.00E-05
7.03E+03	1.00E-06	1.00E-05
7.03E+03	1.00E-06	1.00E-05
7.03E+03	1.00E-06	1.00E-05
7.03E+03	1.00E-06	1.00E-05
7.03E+03	1.00E-06	1.00E-05
7.04E+03	1.00E-06	1.00E-05
7.04E+03	1.00E-06	1.00E-05
7.04E+03	1.00E-06	1.00E-05
7.04E+03	1.00E-06	1.00E-05
7.04E+03	1.00E-06	1.00E-05
7.04E+03	1.00E-06	1.00E-05
7.04E+03	1.00E-06	1.00E-05
7.04E+03	1.00E-06	1.00E-05
7.05E+03	1.00E-06	1.00E-05
7.05E+03	1.00E-06	1.00E-05
7.05E+03	1.00E-06	1.00E-05
7.05E+03	1.00E-06	1.00E-05
7.05E+03	1.00E-06	1.00E-05
7.05E+03	1.00E-06	1.00E-05
7.05E+03	1.00E-06	1.00E-05
7.05E+03	1.00E-06	1.00E-05
7.06E+03	1.00E-06	1.00E-05
7.06E+03	1.00E-06	1.00E-05
7.06E+03	1.00E-06	1.00E-05
7.06E+03	1.00E-06	1.00E-05
7.06E+03	1.00E-06	1.00E-05
7.06E+03	1.00E-06	1.00E-05
7.06E+03	1.00E-06	1.00E-05
7.06E+03	1.00E-06	1.00E-05
7.07E+03	1.00E-06	1.00E-05
7.07E+03	1.00E-06	1.00E-05
7.07E+03	1.00E-06	1.00E-05
7.07E+03	1.00E-06	1.00E-05
7.07E+03	1.00E-06	1.00E-05
7.07E+03	1.00E-06	1.00E-05
7.07E+03	1.00E-06	1.00E-05
7.07E+03	1.00E-06	1.00E-05
7.08E+03	1.00E-06	1.00E-05
7.08E+03	1.00E-06	1.00E-05
7.08E+03	1.00E-06	1.00E-05
7.08E+03	1.00E-06	1.00E-05
7.08E+03	1.00E-06	1.00E-05
7.08E+03	1.00E-06	1.00E-05
7.08E+03	1.00E-06	1.00E-05
7.08E+03	1.00E-06	1.00E-05
7.09E+03	1.00E-06	1.00E-05
7.09E+03	1.00E-06	1.00E-05
7.09E+03	1.00E-06	1.00E-05
7.09E+03	1.00E-06	1.00E-05
7.09E+03	1.00E-06	1.00E-05
7.09E+03	1.00E-06	1.00E-05
7.09E+03	1.00E-06	1.00E-05
7.09E+03	1.00E-06	1.00E-05
7.10E+03	1.00E-06	1.00E-05
7.10E+03	1.00E-06	1.00E-05
7.10E+03	1.00E-06	1.00E-05
7.10E+03	1.00E-06	1.00E-05
7.10E+03	1.00E-06	1.00E-05
7.10E+03	1.00E-06	1.00E-05
7.10E+03	1.00E-06	1.00E-05
7.10E+03	1.00E-06	1.00E-05
7.11E+03	1.00E-06	1.00E-05
7.11E+03	1.00E-06	1.00E-05
7.11E+03	1.00E-06	1.00E-05
7.11E+03	1.00E-06	1.00E-05
7.11E+03	1.00E-06	1.00E-05
7.11E+03	1.00E-06	1.00E-05
7.11E+03	1.00E-06	1.00E-05
7.11E+03	1.00E-06	1.00E-05
7.12E+03	1.00E-06	1.00E-05
7.12E+03	1.00E-06	1.00E-05
7.12E+03	1.00E-06	1.00E-05
7.12E+03	1.00E-06	1.00E-05
7.12E+03	1.00E-06	1.00E-05
7.12E+03	1.00E-06	1.00E-05
7.12E+03	1.00E-06	1.00E-05
7.12E+03	1.00E-06	1.00E-05
7.13E+03	1.00E-06	1.00E-05
7.13E+03	1.00E-06	1.00E-05
7.13E+03	1.00E-06	1.00E-05
7.13E+03	1.00E-06	1.00E-05
7.13E+03	1.00E-06	1.00E-05
7.13E+03	1.00E-06	1.00E-05
7.13E+03	1.00E-06	1.00E-05
7.13E+03	1.00E-06	1.00E-05
7.14E+03	1.00E-06	1.00E-05
7.14E+03	1.00E-06	1.00E-05
7.14E+03	1.00E-06	1.00E-05
7.14E+03	1.00E-06	1.00E-05
7.14E+03	1.00E-06	1.00E-05
7.14E+03	1.00E-06	1.00E-05
7.14E+03	1.00E-06	1.00E-05
7.14E+03	1.00E-06	1.00E-05
7.15E+03	1.00E-06	1.00E-05
7.15E+03	1.00E-06	1.00E-05
7.15E+03	1.00E-06	1.00E-05
7.15E+03	1.00E-06	1.00E-05
7.15E+03	1.00E-06	1.00E-05
7.15E+03	1.00E-06	1.00E-05
7.15E+03	1.00E-06	1.00E-05
7.15E+03	1.00E-06	1.00E-05
7.16E+03	1.00E-06	1.00E-05
7.16E+03	1.00E-06	1.00E-05
7.16E+03	1.00E-06	1.00E-05
7.16E+03	1.00E-06	1.00E-05
7.16E+03	1.00E-06	1.00E-05
7.16E+03	1.00E-06	1.00E-05
7.16E+03	1.00E-06	1.00E-05
7.16E+03	1.00E-06	1.00E-05
7.17E+03	1.00E-06	1.00E-05
7.17E+03	1.00E-06	1.00E-05
7.17E+03	1.00E-06	1.00E-05
7.17E+03	1.00E-06	1.00E-05
7.17E+03	1.00E-06	1.00E-05
7.17E+03	1.00E-06	1.00E-05
7.17E+03	1.00E-06	1.00E-05
7.17E+03	1.00E-06	1.00E-05
7.18E+03	1.00E-06	1.00E-05
7.18E+03	1.00E-06	1.00E-05
7.18E+03	1.00E-06	1.00E-05
7.18E+03	1.00E-06	1.00E-05
7.18E+03	1.00E-06	1.00E-05
7.18E+03	1.00E-06	1.00E-05
7.18E+03	1.00E-06	1.00E-05
7.18E+03	1.00E-06	1.00E-05
7.19E+03	1.00E-06	1.00E-05
7.19E+03	1.00E-06	1.00E-05
7.19E+03	1.00E-06	1.00E-05
7.19E+03	1.00E-06	1.00E-05
7.19E+03	1.00E-06	1.00E-05
7.19E+03	1.00E-06	1.00E-05
7.19E+03	1.00E-06	1.00E-05
7.19E+03	1.00E-06	1.00E-05
7.20E+03	1.00E-06	1.00E-05
7.20E+03	1.00E-06	1.00E-05
7.20E+03	1.00E-06	1.00E-05
7.20E+03	1.00E-06	1.00E-05
7.20E+03	1.00E-06	1.00E-05
7.20E+03	1.00E-06	1.00E-05
7.20E+03	1.00E-06	1.00E-05
7.20E+03	1.00E-06	1.00E-05
7.21E+03	1.00E-06	1.00E-05
7.21E+03	1.00E-06	1.00E-05
7.21E+03	1.00E-06	1.00E-05
7.21E+03	1.00E-06	1.00E-05
7.21E+03	1.00E-06	1.00E-05
7.21E+03	1.00E-06	1.00E-05
7.21E+03	1.00E-06	1.00E-05
7.21E+03	1.00E-06	1.00E-05
7.22E+03	1.00E-06	1.00E-05
7.22E+03	1.00E-06	1.00E-05
7.22E+03	1.00E-06	1.00E-05
7.22E+03	1.00E-06	1.00E-05
7.22E+03	1.00E-06	1.00E-05
7.22E+03	1.00E-06	1.00E-05
7.22E+03	1.00E-06	1.00E-05
7.22E+03	1.00E-06	1.00E-05
7.23E+03	1.00E-06	1.00E-05
7.23E+03	1.00E-06	1.00E-05
7.23E+03	1.00E-06	1.00E-05
7.23E+03	1.00E-06	1.00E-05
7.23E+03	1.00E-06	1.00E-05
7.23E+03	1.00E-06	1.00E-05
7.23E+03	1.00E-06	1.00E-05
7.23E+03	1.00E-06	1.00E-05
7.24E+03	1.00E-06	1.00E-05
7.24E+03	1.00E-06	1.00E-05
7.24E+03	1.00E-06	1.00E-05
7.24E+03	1.00E-06	1.00E-05
7.24E+03	1.00E-06	1.00E-05
7.24E+03	1.00E-06	1.00E-05
7.24E+03	1.00E-06	1.00E-05
7.24E+03	1.00E-06	1.00E-05
7.25E+03	1.00E-06	1.00E-05
7.25E+03	1.00E-06	1.00E-05
7.25E+03	1.00E-06	1.00E-05
7.25E+03	1.00E-06	1.00E-05
7.25E+03	1.00E-06	1.00E-05
7.25E+03	1.00E-06	1.00E-05
7.25E+03	1.00E-06	1.00E-05
7.25E+03	1.00E-06	1.00E-05
7.26E+03	1.00E-06	1.00E-05
7.26E+03	1.00E-06	1.00E-05
7.26E+03	1.00E-06	1.00E-05
7.26E+03	1.00E-06	1.00E-05
7.26E+03	1.00E-06	1.00E-05
7.26E+03	1.00E-06	1.00E-05
7.26E+03	1.00E-06	1.00E-05
7.26E+03	1.00E-06	1.00E-05
7.27E+03	1.00E-06	1.00E-05
7.27E+03	1.00E-06	1.00E-05
7.27E+03	1.00E-06	1.00E-05
7.27E+03	1.00E-06	1.00E-05
7.27E+03	1.00E-06	1.00E-05
7.27E+03	1.00E-06	1.00E-05
7.27E+03	1.00E-06	1.00E-05
7.27E+03	1.00E-06	1.00E-05
7.28E+03	1.00E-06	1.00E-05
7.28E+03	1.00E-06	1.00E-05
7.28E+03	1.00E-06	1.00E-05
7.28E+03	1.00E-06	1.00E-05
7.28E+03	1.00E-06	1.00E-05
7.28E+03	1.00E-06	1.00E-05
7.28E+03	1.00E-06	1.00E-05
7.28E+03	1.00E-06	1.00E-05
7.29E+03	1.00E-06	1.00E-05
7.29E+03	1.00E-06	1.00E-05
7.29E+03	1.00E-06	1.00E-05
7.29E+03	1.00E-06	1.00E-05
7.29E+03	1.00E-06	1.00E-05
7.29E+03	1.00E-06	1.00E-05
7.29E+03	1.00E-06	1.00E-05
7.29E+03	1.00E-06	1.00E-05
7.30E+03	1.00E-06	1.00E-05
7.30E+03	1.00E-06	1.00E-05
7.30E+03	1.00E-06	1.00E-05
7.30E+03	1.00E-06	1.00E-05
7.30E+03	1.00E-06	1.00E-05
7.30E+03	1.00E-06	1.00E-05
7.30E+03	1.00E-06	1.00E-05
7.30E+03	1.00E-06	1.00E-05
7.31E+03	1.00E-06	1.00E-05
7.31E+03	1.00E-06	1.00E-05
7.31E+03	1.00E-06	1.00E-05
7.31E+03	1.00E-06	1.00E-05
7.31E+03	1.00E-06	1.00E-05
7.31E+03	1.00E-06	1.00E-05
7.31E+03	1.00E-06	1.00E-05
7.31E+03	1.00E-06	1.00E-05
7.32E+03	1.00E-06	1.00E-05
7.32E+03	1.00E-06	1.00E-05
7.32E+03	1.00E-06	1.00E-05
7.32E+03	1.00E-06	1.00E-05
7.32E+03	1.00E-06	1.00E-05
7.32E+03	1.00E-06	1.00E-05
7.32E+03	1.00E-06	1.00E-05
7.32E+03	1.00E-06	1.00E-05
7.33E+03	1.00E-06	1.00E-05
7.33E+03	1.00E-06	1.00E-05
7.33E+03	1.00E-06	1.00E-05
7.33E+03	1.00E-06	1.00E-05
7.33E+03	1.00E-06	1.00E-05
7.33E+03	1.00E-06	1.00E-05
7.33E+03	1.00E-06	1.00E-05
7.33E+03	1.00E-06	1.00E-05
7.34E+03	1.00E-06	1.00E-05
7.34E+03	1.00E-06	1.00E-05
7.34E+03	1.00E-06	1.00E-05
7.34E+03	1.00E-06	1.00E-05
7.34E+03	1.00E-06	1.00E-05
7.34E+03	1.00E-06	1.00E-05
7.34E+03	1.00E-06	1.00E-05
7.34E+03	1.00E-06	1.00E-05
7.35E+03	1.00E-06	1.00E-05
7.35E+03	1.00E-06	1.00E-05
7.35E+03	1.00E-06	1.00E-05
7.35E+03	1.00E-06	1.00E-05
7.35E+03	1.00E-06	1.00E-05
7.35E+03	1.00E-06	1.00E-05
7.35E+03	1.00E-06	1.00E-05
7.35E+03	1.00E-06	1.00E-05
7.36E+03	1.00E-06	1.00E-05
7.36E+03	1.00E-06	1.00E-05
7.36E+03	1.00E-06	1.00E-05
7.36E+03	1.00E-06	1.00E-05
7.36E+03	1.00E-06	1.00E-05
7.36E+03	1.00E-06	1.00E-05
7.36E+03	1.00E-06	1.00E-05
7.36E+03	1.00E-06	1.00E-05
7.37E+03	1.00E-06	1.00E-05
7.37E+03	1.00E-06	1.00E-05
7.37E+03	1.00E-06	1.00E-05
7.37E+03	1.00E-06	1.00E-05
7.37E+03	1.00E-06	1.00E-05
7.37E+03	1.00E-06	1.00E-05
7.37E+03	1.00E-06	1.00E-05
7.37E+03	1.00E-06	1.00E-05
7.38E+03	1.00E-06	1.00E-05
7.38E+03	1.00E-06	1.00E-05
7.38E+03	1.00E-06	1.00E-05
7.38E+03	1.00E-06	1.00E-05
7.38E+03	1.00E-06	1.00E-05
7.38E+03	1.00E-06	1.00E-05
7.38E+03	1.00E-06	1.00E-05
7.38E+03	1.00E-06	1.00E-05
7.39E+03	1.00E-06	1.00E-05
7.39E+03	1.00E-06	1.00E-05
7.39E+03	1.00E-06	1.00E-05
7.39E+03	1.00E-06	1.00E-05
7.39E+03	1.00E-06	1.00E-05
7.39E+03	1.00E-06	1.00E-05
7.39E+03	1.00E-06	1.00E-05
7.39E+03	1.00E-06	1.00E-05
7.40E+03	1.00E-06	1.00E-05
7.40E+03	1.00E-06	1.00E-05
7.40E+03	1.00E-06	1.00E-05
7.40E+03	1.00E-06	1.00E-05
7.40E+03	1.00E-06	1.00E-05
7.40E+03	1.00E-06	1.00E-05
7.40E+03	1.00E-06	1.00E-05
7.40E+03	1.00E-06	1.00E-05
7.41E+03	1.00E-06	1.00E-05
7.41E+03	1.00E-06	1.00E-05
7.41E+03	1.00E-06	1.00E-05
7.41E+03	1.00E-06	1.00E-05
7.41E+03	1.00E-06	1.00E-05
7.41E+03	1.00E-06	1.00E-05
7.41E+03	1.00E-06	1.00E-05
7.41E+03	1.00E-06	1.00E-05
7.42E+03	1.00E-06	1.00E-05
7.42E+03	1.00E-06	1.00E-05
7.42E+03	1.00E-06	1.00E-05
7.42E+03	1.00E-06	1.00E-05
7.42E+03	1.00E-06	1.00E-05
7.42E+03	1.00E-06	1.00E-05
7.42E+03	1.00E-06	1.00E-05
7.42E+03	1.00E-06	1.00E-05
7.43E+03	1.00E-06	1.00E-05
7.43E+03	1.00E-06	1.00E-05
7.43E+03	1.00E-06	1.00E-05
7.43E+03	1.00E-06	1.00E-05
7.43E+03	1.00E-06	1.00E-05
7.43E+03	1.00E-06	1.00E-05
7.43E+03	1.00E-06	1.00E-05
7.43E+03	1.00E-06	1.00E-05
7.44E+03	1.00E-06	1.00E-05
7.44E+03	1.00E-06	1.00E-05
7.44E+03	1.00E-06	1.00E-05
7.44E+03	1.00E-06	1.00E-05
7.44E+03	1.00E-06	1.00E-05
7.44E+03	1.00E-06	1.00E-05
7.44E+03	1.00E-06	1.00E-05
7.44E+03	1.00E-06	1.00E-05
7.45E+03	1.00E-06	1.00E-05
7.45E+03	1.00E-06	1.00E-05
7.45E+03	1.00E-06	1.00E-05
7.45E+03	1.00E-06	1.00E-05
7.45E+03	1.00E-06	1.00E-05
7.45E+03	1.00E-06	1.00E-05
7.45E+03	1.00E-06	1.00E-05
7.45E+03	1.00E-06	1.00E-05
7.46E+03	1.00E-06	1.00E-05
7.46E+03	1.00E-06	1.00E-05
7.46E+03	1.00E-06	1.00E-05
7.46E+03	1.00E-06	1.00E-05
7.46E+03	1.00E-06	1.00E-05
7.46E+03	1.00E-06	1.00E-05
7.46E+03	1.00E-06	1.00E-05
7.46E+03	1.00E-06	1.00E-05
7.47E+03	1.00E-06	1.00E-05
7.47E+03	1.00E-06	1.00E-05
7.47E+03	1.00E-06	1.00E-05
7.47E+03	1.00E-06	1.00E-05
7.47E+03	1.00E-06	1.00E-05
7.47E+03	1.00E-06	1.00E-05
7.47E+03	1.00E-06	1.00E-05
7.47E+03	1.00E-06	1.00E-05
7.48E+03	1.00E-06	1.00E-05
7.48E+03	1.00E-06	1.00E-05
7.48E+03	1.00E-06	1.00E-05
7.48E+03	1.00E-06	1.00E-05
7.48E+03	1.00E-06	1.00E-05
7.48E+03	1.00E-06	1.00E-05
7.48E+03	1.00E-06	1.00E-05
7.48E+03	1.00E-06	1.00E-05
7.49E+03	1.00E-06	1.00E-05
7.49E+03	1.00E-06	1.00E-05
7.49E+03	1.00E-06	1.00E-05
7.49E+03	1.00E-06	1.00E-05
7.49E+03	1.00E-06	1.00E-05
7.49E+03	1.00E-06	1.00E-05
7.49E+03	1.00E-06	1.00E-05
7.49E+03	1.00E-06	1.00E-05
7.50E+03	1.00E-06	1.00E-05
7.50E+03	1.00E-06	1.00E-05
7.50E+03	1.00E-06	1.00E-05
7.50E+03	1.00E-06	1.00E-05
7.50E+03	1.00E-06	1.00E-05
7.50E+03	1.00E-06	1.00E-05
7.50E+03	1.00E-06	1.00E-05
7.50E+03	1.00E-06	1.00E-05
7.51E+03	1.00E-06	1.00E-05
7.51E+03	1.00E-06	1.00E-05
7.51E+03	1.00E-06	1.00E-05
7.51E+03	1.00E-06	1.00E-05
7.51E+03	1.00E-06	1.00E-05
7.51E+03	1.00E-06	1.00E-05
7.51E+03	1.00E-06	1.00E-05
7.51E+03	1.00E-06	1.00E-05
7.52E+03	1.00E-06	1.00E-05
7.52E+03	1.00E-06	1.00E-05
7.52E+03	1.00E-06	1.00E-05
7.52E+03	1.00E-06	1.00E-05
7.52E+03	1.00E-06	1.00E-05
7.52E+03	1.00E-06	1.00E-05
7.52E+03	1.00E-06	1.00E-05
7.52E+03	1.00E-06	1.00E-05
7.53E+03	1.00E-06	1.00E-05
7.53E+03	1.00E-06	1.00E-05
7.53E+03	1.00E-06	1.00E-05
7.53E+03	1.00E-06	1.00E-05
7.53E+03	1.00E-06	1.00E-05
7.53E+03	1.00E-06	1.00E-05
7.53E+03	1.00E-06	1.00E-05
7.53E+03	1.00E-06	1.00E-05
7.54E+03	1.00E-06	1.00E-05
7.54E+03	1.00E-06	1.00E-05
7.54E+03	1.00E-06	1.00E-05
7.54E+03	1.00E-06	1.00E-05
7.54E+03	1.00E-06	1.00E-05
7.54E+03	1.00E-06	1.00E-05
7.54E+03	1.00E-06	1.00E-05
7.54E+03	1.00E-06	1.00E-05
7.55E+03	1.00E-06	1.00E-05
7.55E+03	1.00E-06	1.00E-05
7.55E+03	1.00E-06	1.00E-05
7.55E+03	1.00E-06	1.00E-05
7.55E+03	1.00E-06	1.00E-05
7.55E+03	1.00E-06	1.00E-05
7.55E+03	1.00E-06	1.00E-05
7.55E+03	1.00E-06	1.00E-05
7.56E+03	1.00E-06	1.00E-05
7.56E+03	1.00E-06	1.00E-05
7.56E+03	1.00E-06	1.00E-05
7.56E+03	1.00E-06	1.00E-05
7.56E+03	1.00E-06	1.00E-05
7.56E+03	1.00E-06	1.00E-05
7.56E+03	1.00E-06	1.00E-05
7.56E+03	1.00E-06	1.00E-05
7.57E+03	1.00E-06	1.00E-05
7.57E+03	1.00E-06	1.00E-05
7.57E+03	1.00E-06	1.00E-05
7.57E+03	1.00E-06	1.00E-05
7.57E+03	1.00E-06	1.00E-05
7.57E+03	1.00E-06	1.00E-05
7.57E+03	1.00E-06	1.00E-05
7.57E+03	1.00E-06	1.00E-05
7.58E+03	1.00E-06	1.00E-05
7.58E+03	1.00E-06	1.00E-05
7.58E+03	1.00E-06	1.00E-05
7.58E+03	1.00E-06	1.00E-05
7.58E+03	1.00E-06	1.00E-05
7.58E+03	1.00E-06	1.00E-05
7.58E+03	1.00E-06	1.00E-05
7.58E+03	1.00E-06	1.00E-05
7.59E+03	1.00E-06	1.00E-05
7.59E+03	1.00E-06	1.00E-05
7.59E+03	1.00E-06	1.00E-05
7.59E+03	1.00E-06	1.00E-05
7.59E+03	1.00E-06	1.00E-05
7.59E+03	1.00E-06	1.00E-05
7.59E+03	1.00E-06	1.00E-05
7.59E+03	1.00E-06	1.00E-05
7.60E+03	1.00E-06	1.00E-05
7.60E+03	1.00E-06	1.00E-05
7.60E+03	1.00E-06	1.00E-05
7.60E+03	1.00E-06	1.00E-05
7.60E+03	1.00E-06	1.00E-05
7.60E+03	1.00E-06	1.00E-05
7.60E+03	1.00E-06	1.00E-05
7.60E+03	1.00E-06	1.00E-05
7.61E+03	1.00E-06	1.00E-05
7.61E+03	1.00E-06	1.00E-05
7.61E+03	1.00E-06	1.00E-05
7.61E+03	1.00E-06	1.00E-05
7.61E+03	1.00E-06	1.00E-05
7.61E+03	1.00E-06	1.00E-05
7.61E+03	1.00E-06	1.00E-05
7.61E+03	1.00E-06	1.00E-05
7.62E+03	1.00E-06	1.00E-05
7.62E+03	1.00E-06	1.00E-05
7.62E+03	1.00E-06	1.00E-05
7.62E+03	1.00E-06	1.00E-05
7.62E+03	1.00E-06	1.00E-05
7.62E+03	1.00E-06	1.00E-05
7.62E+03	1.00E-06	1.00E-05
7.62E+03	1.00E-06	1.00E-05
7.63E+03	1.00E-06	1.00E-05
7.63E+03	1.00E-06	1.00E-05
7.63E+03	1.00E-06	1.00E-05
7.63E+03	1.00E-06	1.00E-05
7.63E+03	1.00E-06	1.00E-05
7.63E+03	1.00E-06	1.00E-05
7.63E+03	1.00E-06	1.00E-05
7.63E+03	1.00E-06	1.00E-05
7.64E+03	1.00E-06	1.00E-05
7.64E+03	1.00E-06	1.00E-05
7.64E+03	1.00E-06	1.00E-05
7.64E+03	1.00E-06	1.00E-05
7.64E+03	1.00E-06	1.00E-05
7.64E+03	1.00E-06	1.00E-05
7.64E+03	1.00E-06	1.00E-05
7.64E+03	1.00E-06	1.00E-05
7.65E+03	1.00E-06	1.00E-05
7.65E+03	1.00E-06	1.00E-05
7.65E+03	1.00E-06	1.00E-05
7.65E+03	1.00E-06	1.00E-05
7.65E+03	1.00E-06	1.00E-05
7.65E+03	1.00E-06	1.00E-05
7.65E+03	1.00E-06	1.00E-05
7.65E+03	1.00E-06	1.00E-05
7.66E+03	1.00E-06	1.00E-05
7.66E+03	1.00E-06	1.00E-05
7.66E+03	1.00E-06	1.00E-05
7.66E+03	1.00E-06	1.00E-05
7.66E+03	1.00E-06	1.00E-05
7.66E+03	1.00E-06	1.00E-05
7.66E+03	1.00E-06	1.00E-05
7.66E+03	1.00E-06	1.00E-05
7.67E+03	1.00E-06	1.00E-05
7.67E+03	1.00E-06	1.00E-05
7.67E+03	1.00E-06	1.00E-05
7.67E+03	1.00E-06	1.00E-05
7.67E+03	1.00E-06	1.00E-05
7.67E+03	1.00E-06	1.00E-05
7.67E+03	1.00E-06	1.00E-05
7.67E+03	1.00E-06	1.00E-05
7.68E+03	1.00E-06	1.00E-05
7.68E+03	1.00E-06	1.00E-05
7.68E+03	1.00E-06	1.00E-05
7.68E+03	1.00E-06	1.00E-05
7.68E+03	1.00E-06	1.00E-05
7.68E+03	1.00E-06	1.00E-05
7.68E+03	1.00E-06	1.00E-05
7.68E+03	1.00E-06	1.00E-05
7.69E+03	1.00E-06	1.00E-05
7.69E+03	1.00E-06	1.00E-05
7.69E+03	1.00E-06	1.00E-05
7.69E+03	1.00E-06	1.00E-05
7.69E+03	1.00E-06	1.00E-05
7.69E+03	1.00E-06	1.00E-05
7.69E+03	1.00E-06	1.00E-05
7.69E+03	1.00E-06	1.00E-05
7.70E+03	1.00E-06	1.00E-05
7.70E+03	1.00E-06	1.00E-05
7.70E+03	1.00E-06	1.00E-05
7.70E+03	1.00E-06	1.00E-05
7.70E+03	1.00E-06	1.00E-05
7.70E+03	1.00E-06	1.00E-05
7.70E+03	1.00E-06	1.00E-05
7.70E+03	1.00E-06	1.00E-05
7.71E+03	1.00E-06	1.00E-05
7.71E+03	1.00E-06	1.00E-05
7.71E+03	1.00E-06	1.00E-05
7.71E+03	1.00E-06	1.00E-05
7.71E+03	1.00E-06	1.00E-05
7.71E+03	1.00E-06	1.00E-05
7.71E+03	1.00E-06	1.00E-05
7.71E+03	1.00E-06	1.00E-05
7.72E+03	1.00E-06	1.00E-05
7.72E+03	1.00E-06	1.00E-05
7.72E+03	1.00E-06	1.00E-05
7.72E+03	1.00E-06	1.00E-05
7.72E+03	1.00E-06	1.00E-05
7.72E+03	1.00E-06	1.00E-05
7.72E+03	1.00E-06	1.00E-05
7.72E+03	1.00E-06	1.00E-05
7.73E+03	1.00E-06	1.00E-05
7.73E+03	1.00E-06	1.00E-05
7.73E+03	1.00E-06	1.00E-05
7.73E+03	1.00E-06	1.00E-05
7.73E+03	1.00E-06	1.00E-05
7.73E+03	1.00E-06	1.00E-05
7.73E+03	1.00E-06	1.00E-05
7.73E+03	1.00E-06	1.00E-05
7.74E+03	1.00E-06	1.00E-05
7.74E+03	1.00E-06	1.00E-05
7.74E+03	1.00E-06	1.00E-05
7.74E+03	1.00E-06	1.00E-05
7.74E+03	1.00E-06	1.00E-05
7.74E+03	1.00E-06	1.00E-05
7.74E+03	1.00E-06	1.00E-05
7.74E+03	1.00E-06	1.00E-05
7.75E+03	1.00E-06	1.00E-05
7.75E+03	1.00E-06	1.00E-05
7.75E+03	1.00E-06	1.00E-05
7.75E+03	1.00E-06	1.00E-05
7.75E+03	1.00E-06	1.00E-05
7.75E+03	1.00E-06	1.00E-05
7.75E+03	1.00E-06	1.00E-05
7.75E+03	1.00E-06	1.00E-05
7.76E+03	1.00E-06	1.00E-05
7.76E+03	1.00E-06	1.00E-05
7.76E+03	1.00E-06	1.00E-05
7.76E+03	1.00E-06	1.00E-05
7.76E+03	1.00E-06	1.00E-05
7.76E+03	1.00E-06	1.00E-05
7.76E+03	1.00E-06	1.00E-05
7.76E+03	1.00E-06	1.00E-05
7.77E+03	1.00E-06	1.00E-05
7.77E+03	1.00E-06	1.00E-05
7.77E+03	1.00E-06	1.00E-05
7.77E+03	1.00E-06	1.00E-05
7.77E+03	1.00E-06	1.00E-05
7.77E+03	1.00E-06	1.00E-05
7.77E+03	1.00E-06	1.00E-05
7.77E+03	1.00E-06	1.00E-05
7.78E+03	1.00E-06	1.00E-05
7.78E+03	1.00E-06	1.00E-05
7.78E+03	1.00E-06	1.00E-05
7.78E+03	1.00E-06	1.00E-05
7.78E+03	1.00E-06	1.00E-05
7.78E+03	1.00E-06	1.00E-05
7.78E+03	1.00E-06	1.00E-05
7.78E+03	1.00E-06	1.00E-05
7.79E+03	1.00E-06	1.00E-05
7.79E+03	1.00E-06	1.00E-05
7.79E+03	1.00E-06	1.00E-05
7.79E+03	1.00E-06	1.00E-05
7.79E+03	1.00E-06	1.00E-05
7.79E+03	1.00E-06	1.00E-05
7.79E+03	1.00E-06	1.00E-05
7.79E+03	1.00E-06	1.00E-05
7.80E+03	1.00E-06	1.00E-05
7.80E+03	1.00E-06	1.00E-05
7.80E+03	1.00E-06	1.00E-05
7.80E+03	1.00E-06	1.00E-05
7.80E+03	1.00E-06	1.00E-05
7.80E+03	1.00E-06	1.00E-05
7.80E+03	1.00E-06	1.00E-05
7.80E+03	1.00E-06	1.00E-05
7.81E+03	1.00E-06	1.00E-05
7.81E+03	1.00E-06	1.00E-05
7.81E+03	1.00E-06	1.00E-05
7.81E+03	1.00E-06	1.00E-05
7.81E+03	1.00E-06	1.00E-05
7.81E+03	1.00E-06	1.00E-05
7.81E+03	1.00E-06	1.00E-05
7.81E+03	1.00E-06	1.00E-05
7.82E+03	1.00E-06	1.00E-05
7.82E+03	1.00E-06	1.00E-05
7.82E+03	1.00E-06	1.00E-05
7.82E+03	1.00E-06	1.00E-05
7.82E+03	1.00E-06	1.00E-05
7.82E+03	1.00E-06	1.00E-05
7.82E+03	1.00E-06	1.00E-05
7.82E+03	1.00E-06	1.00E-05
7.83E+03	1.00E-06	1.00E-05
7.83E+03	1.00E-06	1.00E-05
7.83E+03	1.00E-06	1.00E-05
7.83E+03	1.00E-06	1.00E-05
7.83E+03	1.00E-06	1.00E-05
7.83E+03	1.00E-06	1.00E-05
7.83E+03	1.00E-06	1.00E-05
7.83E+03	1.00E-06	1.00E-05
7.84E+03	1.00E-06	1.00E-05
7.84E+03	1.00E-06	1.00E-05
7.84E+03	1.00E-06	1.00E-05
7.84E+03	1.00E-06	1.00E-05
7.84E+03	1.00E-06	1.00E-05
7.84E+03	1.00E-06	1.00E-05
7.84E+03	1.00E-06	1.00E-05
7.84E+03	1.00E-06	1.00E-05
7.85E+03	1.00E-06	1.00E-05
7.85E+03	1.00E-06	1.00E-05
7.85E+03	1.00E-06	1.00E-05
7.85E+03	1.00E-06	1.00E-05
7.85E+03	1.00E-06	1.00E-05
7.85E+03	1.00E-06	1.00E-05
7.85E+03	1.00E-06	1.00E-05
7.85E+03	1.00E-06	1.00E-05
7.86E+03	1.00E-06	1.00E-05
7.86E+03	1.00E-06	1.00E-05
7.86E+03	1.00E-06	1.00E-05
7.86E+03	1.00E-06	1.00E-05
7.86E+03	1.00E-06	1.00E-05
7.86E+03	1.00E-06	1.00E-05
7.86E+03	1.00E-06	1.00E-05
7.86E+03	1.00E-06	1.00E-05
7.87E+03	1.00E-06	1.00E-05
7.87E+03	1.00E-06	1.00E-05
7.87E+03	1.00E-06	1.00E-05
7.87E+03	1.00E-06	1.00E-05
7.87E+03	1.00E-06	1.00E-05
7.87E+03	1.00E-06	1.00E-05
7.87E+03	1.00E-06	1.00E-05
7.87E+03	1.00E-06	1.00E-05
7.88E+03	1.00E-06	1.00E-05
7.88E+03	1.00E-06	1.00E-05
7.88E+03	1.00E-06	1.00E-05
7.88E+03	1.00E-06	1.00E-05
7.88E+03	1.00E-06	1.00E-05
7.88E+03	1.00E-06	1.00E-05
7.88E+03	1.00E-06	1.00E-05
7.88E+03	1.00E-06	1.00E-05
7.89E+03	1.00E-06	1.00E-05
7.89E+03	1.00E-06	1.00E-05
7.89E+03	1.00E-06	1.00E-05
7.89E+03	1.00E-06	1.00E-05
7.89E+03	1.00E-06	1.00E-05
7.89E+03	1.00E-06	1.00E-05
7.89E+03	1.00E-06	1.00E-05
7.89E+03	1.00E-06	1.00E-05
7.90E+03	1.00E-06	1.00E-05
7.90E+03	1.00E-06	1.00E-05
7.90E+03	1.00E-06	1.00E-05
7.90E+03	1.00E-06	1.00E-05
7.90E+03	1.00E-06	1.00E-05
7.90E+03	1.00E-06	1.00E-05
7.90E+03	1.00E-06	1.00E-05
7.90E+03	1.00E-06	1.00E-05
7.91E+03	1.00E-06	1.00E-05
7.91E+03	1.00E-06	1.00E-05
7.91E+03	1.00E-06	1.00E-05
7.91E+03	1.00E-06	1.00E-05
7.91E+03	1.00E-06	1.00E-05
7.91E+03	1.00E-06	1.00E-05
7.91E+03	1.00E-06	1.00E-05
7.91E+03	1.00E-06	1.00E-05
7.92E+03	1.00E-06	1.00E-05
7.92E+03	1.00E-06	1.00E-05
7.92E+03	1.00E-06	1.00E-05
7.92E+03	1.00E-06	1.00E-05
7.92E+03	1.00E-06	1.00E-05
7.92E+03	1.00E-06	1.00E-05
7.92E+03	1.00E-06	1.00E-05
7.92E+03	1.00E-06	1.00E-05
7.93E+03	1.00E-06	1.00E-05
7.93E+03	1.00E-06	1.00E-05
7.93E+03	1.00E-06	1.00E-05
7.93E+03	1.00E-06	1.00E-05
7.93E+03	1.00E-06	1.00E-05
7.93E+03	1.00E-06	1.00E-05
7.93E+03	1.00E-06	1.00E-05
7.93E+03	1.00E-06	1.00E-05
7.94E+03	1.00E-06	1.00E-05
7.94E+03	1.00E-06	1.00E-05
7.94E+03	1.00E-06	1.00E-05
7.94E+03	1.00E-06	1.00E-05
7.94E+03	1.00E-06	1.00E-05
7.94E+03	1.00E-06	1.00E-05
7.94E+03	1.00E-06	1.00E-05
7.94E+03	1.00E-06	1.00E-05
7.95E+03	1.00E-06	1.00E-05
7.95E+03	1.00E-06	1.00E-05
7.95E+03	1.00E-06	1.00E-05
7.95E+03	1.00E-06	1.00E-05
7.95E+03	1.00E-06	1.00E-05
7.95E+03	1.00E-06	1.00E-05
7.95E+03	1.00E-06	1.00E-05
7.95E+03	1.00E-06	1.00E-05
7.96E+03	1.00E-06	1.00E-05
7.96E+03	1.00E-06	1.00E-05
7.96E+03	1.00E-06	1.00E-05
7.96E+03	1.00E-06	1.00E-05
7.96E+03	1.00E-06	1.00E-05
7.96E+03	1.00E-06	1.00E-05
7.96E+03	1.00E-06	1.00E-05
7.96E+03	1.00E-06	1.00E-05
7.97E+03	1.00E-06	1.00E-05
7.97E+03	1.00E-06	1.00E-05
7.97E+03	1.00E-06	1.00E-05
7.97E+03	1.00E-06	1.00E-05
7.97E+03	1.00E-06	1.00E-05
7.97E+03	1.00E-06	1.00E-05
7.97E+03	1.00E-06	1.00E-05
7.97E+03	1.00E-06	1.00E-05
7.98E+03	1.00E-06	1.00E-05
7.98E+03	1.00E-06	1.00E-05
7.98E+03	1.00E-06	1.00E-05
7.98E+03	1.00E-06	1.00E-05
7.98E+03	1.00E-06	1.00E-05
7.98E+03	1.00E-06	1.00E-05
7.98E+03	1.00E-06	1.00E-05
7.98E+03	1.00E-06	1.00E-05
7.99E+03	1.00E-06	1.00E-05
7.99E+03	1.00E-06	1.00E-05
7.99E+03	1.00E-06	1.00E-05
7.99E+03	1.00E-06	1.00E-05
7.99E+03	1.00E-06	1.00E-05
7.99E+03	1.00E-06	1.00E-05
7.99E+03	1.00E-06	1.00E-05
7.99E+03	1.00E-06	1.00E-05
8.00E+03	1.00E-06	1.00E-05
8.00E+03	1.00E-06	1.00E-05
8.00E+03	1.00E-06	1.00E-05
8.00E+03	1.00E-06	1.00E-05
8.00E+03	1.00E-06	1.00E-05
8.00E+03	1.00E-06	1.00E-05
8.00E+03	1.00E-06	1.00E-05
8.00E+03	1.00E-06	1.00E-05
8.01E+03	1.00E-06	1.00E-05
8.01E+03	1.00E-06	1.00E-05
8.01E+03	1.00E-06	1.00E-05
8.01E+03	1.00E-06	1.00E-05
8.01E+03	1.00E-06	1.00E-05
8.01E+03	1.00E-06	1.00E-05
8.01E+03	1.00E-06	1.00E-05
8.01E+03	1.00E-06	1.00E-05
8.02E+03	1.00E-06	1.00E-05
8.02E+03	1.00E-06	1.00E-05
8.02E+03	1.00E-06	1.00E-05
8.02E+03	1.00E-06	1.00E-05
8.02E+03	1.00E-06	1.00E-05
8.02E+03	1.00E-06	1.00E-05
8.02E+03	1.00E-06	1.00E-05
8.02E+03	1.00E-06	1.00E-05
8.03E+03	1.00E-06	1.00E-05
8.03E+03	1.00E-06	1.00E-05
8.03E+03	1.00E-06	1.00E-05
8.03E+03	1.00E-06	1.00E-05
8.03E+03	1.00E-06	1.00E-05
8.03E+03	1.00E-06	1.00E-05
8.03E+03	1.00E-06	1.00E-05
8.03E+03	1.00E-06	1.00E-05
8.04E+03	1.00E-06	1.00E-05
8.04E+03	1.00E-06	1.00E-05
8.04E+03	1.00E-06	1.00E-05
8.04E+03	1.00E-06	1.00E-05
8.04E+03	1.00E-06	1.00E-05
8.04E+03	1.00E-06	1.00E-05
8.04E+03	1.00E-06	1.00E-05
8.04E+03	1.00E-06	1.00E-05
8.05E+03	1.00E-06	1.00E-05
8.05E+03	1.00E-06	1.00E-05
8.05E+03	1.00E-06	1.00E-05
8.05E+03	1.00E-06	1.00E-05
8.05E+03	1.00E-06	1.00E-05
8.05E+03	1.00E-06	1.00E-05
8.05E+03	1.00E-06	1.00E-05
8.05E+03	1.00E-06	1.00E-05
8.06E+03	1.00E-06	1.00E-05
8.06E+03	1.00E-06	1.00E-05
8.06E+03	1.00E-06	1.00E-05
8.06E+03	1.00E-06	1.00E-05
8.06E+03	1.00E-06	1.00E-05
8.06E+03	1.00E-06	1.00E-05
8.06E+03	1.00E-06	1.00E-05
8.06E+03	1.00E-06	1.00E-05
8.07E+03	1.00E-06	1.00E-05
8.07E+03	1.00E-06	1.00E-05
8.07E+03	1.00E-06	1.00E-05
8.07E+03	1.00E-06	1.00E-05
8.07E+03	1.00E-06	1.00E-05
8.07E+03	1.00E-06	1.00E-05
8.07E+03	1.00E-06	1.00E-05
8.07E+03	1.00E-06	1.00E-05
8.08E+03	1.00E-06	1.00E-05
8.08E+03	1.00E-06	1.00E-05
8.08E+03	1.00E-06	1.00E-05
8.08E+03	1.00E-06	1.00E-05
8.08E+03	1.00E-06	1.00E-05
8.08E+03	1.00E-06	1.00E-05
8.08E+03	1.00E-06	1.00E-05
8.08E+03	1.00E-06	1.00E-05
8.09E+03	1.00E-06	1.00E-05
8.09E+03	1.00E-06	1.00E-05
8.09E+03	1.00E-06	1.00E-05
8.09E+03	1.00E-06	1.00E-05
8.09E+03	1.00E-06	1.00E-05
8.09E+03	1.00E-06	1.00E-05
8.09E+03	1.00E-06	1.00E-05
8.09E+03	1.00E-06	1.00E-05
8.10E+03	1.00E-06	1.00E-05
8.10E+03	1.00E-06	1.00E-05
8.10E+03	1.00E-06	1.00E-05
8.10E+03	1.00E-06	1.00E-05
8.10E+03	1.00E-06	1.00E-05
8.10E+03	1.00E-06	1.00E-05
8.10E+03	1.00E-06	1.00E-05
8.10E+03	1.00E-06	1.00E-05
8.11E+03	1.00E-06	1.00E-05
8.11E+03	1.00E-06	1.00E-05
8.11E+03	1.00E-06	1.00E-05
8.11E+03	1.00E-06	1.00E-05
8.11E+03	1.00E-06	1.00E-05
8.11E+03	1.00E-06	1.00E-05
8.11E+03	1.00E-06	1.00E-05
8.11E+03	1.00E-06	1.00E-05
8.12E+03	1.00E-06	1.00E-05
8.12E+03	1.00E-06	1.00E-05
8.12E+03	1.00E-06	1.00E-05
8.12E+03	1.00E-06	1.00E-05
8.12E+03	1.00E-06	1.00E-05
8.12E+03	1.00E-06	1.00E-05
8.12E+03	1.00E-06	1.00E-05
8.12E+03	1.00E-06	1.00E-05
8.13E+03	1.00E-06	1.00E-05
8.13E+03	1.00E-06	1.00E-05
8.13E+03	1.00E-06	1.00E-05
8.13E+03	1.00E-06	1.00E-05
8.13E+03	1.00E-06	1.00E-05
8.13E+03	1.00E-06	1.00E-05
8.13E+03	1.00E-06	1.00E-05
8.13E+03	1.00E-06	1.00E-05
8.14E+03	1.00E-06	1.00E-05
8.14E+03	1.00E-06	1.00E-05
8.14E+03	1.00E-06	1.00E-05
8.14E+03	1.00E-06	1.00E-05
8.14E+03	1.00E-06	1.00E-05
8.14E+03	1.00E-06	1.00E-05
8.14E+03	1.00E-06	1.00E-05
8.14E+03	1.00E-06	1.00E-05
8.15E+03	1.00E-06	1.00E-05
8.15E+03	1.00E-06	1.00E-05
8.15E+03	1.00E-06	1.00E-05
8.15E+03	1.00E-06	1.00E-05
8.15E+03	1.00E-06	1.00E-05
8.15E+03	1.00E-06	1.00E-05
8.15E+03	1.00E-06	1.00E-05
8.15E+03	1.00E-06	1.00E-05
8.16E+03	1.00E-06	1.00E-05
8.16E+03	1.00E-06	1.00E-05
8.16E+03	1.00E-06	1.00E-05
8.16E+03	1.00E-06	1.00E-05
8.16E+03	1.00E-06	1.00E-05
8.16E+03	1.00E-06	1.00E-05
8.16E+03	1.00E-06	1.00E-05
8.16E+03	1.00E-06	1.00E-05
8.17E+03	1.00E-06	1.00E-05
8.17E+03	1.00E-06	1.00E-05
8.17E+03	1.00E-06	1.00E-05
8.17E+03	1.00E-06	1.00E-05
8.17E+03	1.00E-06	1.00E-05
8.17E+03	1.00E-06	1.00E-05
8.17E+03	1.00E-06	1.00E-05
8.17E+03	1.00E-06	1.00E-05
8.18E+03	1.00E-06	1.00E-05
8.18E+03	1.00E-06	1.00E-05
8.18E+03	1.00E-06	1.00E-05
8.18E+03	1.00E-06	1.00E-05
8.18E+03	1.00E-06	1.00E-05
8.18E+03	1.00E-06	1.00E-05
8.18E+03	1.00E-06	1.00E-05
8.18E+03	1.00E-06	1.00E-05
8.19E+03	1.00E-06	1.00E-05
8.19E+03	1.00E-06	1.00E-05
8.19E+03	1.00E-06	1.00E-05
8.19E+03	1.00E-06	1.00E-05
8.19E+03	1.00E-06	1.00E-05
8.19E+03	1.00E-06	1.00E-05
8.19E+03	1.00E-06	1.00E-05
8.19E+03	1.00E-06	1.00E-05
8.20E+03	1.00E-06	1.00E-05
8.20E+03	1.00E-06	1.00E-05
8.20E+03	1.00E-06	1.00E-05
8.20E+03	1.00E-06	1.00E-05
8.20E+03	1.00E-06	1.00E-05
8.20E+03	1.00E-06	1.00E-05
8.20E+03	1.00E-06	1.00E-05
8.20E+03	1.00E-06	1.00E-05
8.21E+03	1.00E-06	1.00E-05
8.21E+03	1.00E-06	1.00E-05
8.21E+03	1.00E-06	1.00E-05
8.21E+03	1.00E-06	1.00E-05
8.21E+03	1.00E-06	1.00E-05
8.21E+03	1.00E-06	1.00E-05
8.21E+03	1.00E-06	1.00E-05
8.21E+03	1.00E-06	1.00E-05
8.22E+03	1.00E-06	1.00E-05
8.22E+03	1.00E-06	1.00E-05
8.22E+03	1.00E-06	1.00E-05
8.22E+03	1.00E-06	1.00E-05
8.22E+03	1.00E-06	1.00E-05
8.22E+03	1.00E-06	1.00E-05
8.22E+03	1.00E-06	1.00E-05
8.22E+03	1.00E-06	1.00E-05
8.23E+03	1.00E-06	1.00E-05
8.23E+03	1.00E-06	1.00E-05
8.23E+03	1.00E-06	1.00E-05
8.23E+03	1.00E-06	1.00E-05
8.23E+03	1.00E-06	1.00E-05
8.23E+03	1.00E-06	1.00E-05
8.23E+03	1.00E-06	1.00E-05
8.23E+03	1.00E-06	1.00E-05
8.24E+03	1.00E-06	1.00E-05
8.24E+03	1.00E-06	1.00E-05
8.24E+03	1.00E-06	1.00E-05
8.24E+03	1.00E-06	1.00E-05
8.24E+03	1.00E-06	1.00E-05
8.24E+03	1.00E-06	1.00E-05
8.24E+03	1.00E-06	1.00E-05
8.24E+03	1.00E-06	1.00E-05
8.25E+03	1.00E-06	1.00E-05
8.25E+03	1.00E-06	1.00E-05
8.25E+03	1.00E-06	1.00E-05
8.25E+03	1.00E-06	1.00E-05
8.25E+03	1.00E-06	1.00E-05
8.25E+03	1.00E-06	1.00E-05
8.25E+03	1.00E-06	1.00E-05
8.25E+03	1.00E-06	1.00E-05
8.26E+03	1.00E-06	1.00E-05
8.26E+03	1.00E-06	1.00E-05
8.26E+03	1.00E-06	1.00E-05
8.26E+03	1.00E-06	1.00E-05
8.26E+03	1.00E-06	1.00E-05
8.26E+03	1.00E-06	1.00E-05
8.26E+03	1.00E-06	1.00E-05
8.26E+03	1.00E-06	1.00E-05
8.27E+03	1.00E-06	1.00E-05
8.27E+03	1.00E-06	1.00E-05
8.27E+03	1.00E-06	1.00E-05
8.27E+03	1.00E-06	1.00E-05
8.27E+03	1.00E-06	1.00E-05
8.27E+03	1.00E-06	1.00E-05
8.27E+03	1.00E-06	1.00E-05
8.27E+03	1.00E-06	1.00E-05
8.28E+03	1.00E-06	1.00E-05
8.28E+03	1.00E-06	1.00E-05
8.28E+03	1.00E-06	1.00E-05
8.28E+03	1.00E-06	1.00E-05
8.28E+03	1.00E-06	1.00E-05
8.28E+03	1.00E-06	1.00E-05
8.28E+03	1.00E-06	1.00E-05
8.28E+03	1.00E-06	1.00E-05
8.29E+03	1.00E-06	1.00E-05
8.29E+03	1.00E-06	1.00E-05
8.29E+03	1.00E-06	1.00E-05
8.29E+03	1.00E-06	1.00E-05
8.29E+03	1.00E-06	1.00E-05
8.29E+03	1.00E-06	1.00E-05
8.29E+03	1.00E-06	1.00E-05
8.29E+03	1.00E-06	1.00E-05
8.30E+03	1.00E-06	1.00E-05
8.30E+03	1.00E-06	1.00E-05
8.30E+03	1.00E-06	1.00E-05
8.30E+03	1.00E-06	1.00E-05
8.30E+03	1.00E-06	1.00E-05
8.30E+03	1.00E-06	1.00E-05
8.30E+03	1.00E-06	1.00E-05
8.30E+03	1.00E-06	1.00E-05
8.31E+03	1.00E-06	1.00E-05
8.31E+03	1.00E-06	1.00E-05
8.31E+03	1.00E-06	1.00E-05
8.31E+03	1.00E-06	1.00E-05
8.31E+03	1.00E-06	1.00E-05
8.31E+03	1.00E-06	1.00E-05
8.31E+03	1.00E-06	1.00E-05
8.31E+03	1.00E-06	1.00E-05
8.32E+03	1.00E-06	1.00E-05
8.32E+03	1.00E-06	1.00E-05
8.32E+03	1.00E-06	1.00E-05
8.32E+03	1.00E-06	1.00E-05
8.32E+03	1.00E-06	1.00E-05
8.32E+03	1.00E-06	1.00E-05
8.32E+03	1.00E-06	1.00E-05
8.32E+03	1.00E-06	1.00E-05
8.33E+03	1.00E-06	1.00E-05
8.33E+03	1.00E-06	1.00E-05
8.33E+03	1.00E-06	1.00E-05
8.33E+03	1.00E-06	1.00E-05
8.33E+03	1.00E-06	1.00E-05
8.33E+03	1.00E-06	1.00E-05
8.33E+03	1.00E-06	1.00E-05
8.33E+03	1.00E-06	1.00E-05
8.34E+03	1.00E-06	1.00E-05
8.34E+03	1.00E-06	1.00E-05
8.34E+03	1.00E-06	1.00E-05
8.34E+03	1.00E-06	1.00E-05
8.34E+03	1.00E-06	1.00E-05
8.34E+03	1.00E-06	1.00E-05
8.34E+03	1.00E-06	1.00E-05
8.34E+03	1.00E-06	1.00E-05
8.35E+03	1.00E-06	1.00E-05
8.35E+03	1.00E-06	1.00E-05
8.35E+03	1.00E-06	1.00E-05
8.35E+03	1.00E-06	1.00E-05
8.35E+03	1.00E-06	1.00E-05
8.35E+03	1.00E-06	1.00E-05
8.35E+03	1.00E-06	1.00E-05
8.35E+03	1.00E-06	1.00E-05
8.36E+03	1.00E-06	1.00E-05
8.36E+03	1.00E-06	1.00E-05
8.36E+03	1.00E-06	1.00E-05
8.36E+03	1.00E-06	1.00E-05
8.36E+03	1.00E-06	1.00E-05
8.36E+03	1.00E-06	1.00E-05
8.36E+03	1.00E-06	1.00E-05
8.36E+03	1.00E-06	1.00E-05
8.37E+03	1.00E-06	1.00E-05
8.37E+03	1.00E-06	1.00E-05
8.37E+03	1.00E-06	1.00E-05
8.37E+03	1.00E-06	1.00E-05
8.37E+03	1.00E-06	1.00E-05
8.37E+03	1.00E-06	1.00E-05
8.37E+03	1.00E-06	1.00E-05
8.37E+03	1.00E-06	1.00E-05
8.38E+03	1.00E-06	1.00E-05
8.38E+03	1.00E-06	1.00E-05
8.38E+03	1.00E-06	1.00E-05
8.38E+03	1.00E-06	1.00E-05
8.38E+03	1.00E-06	1.00E-05
8.38E+03	1.00E-06	1.00E-05
8.38E+03	1.00E-06	1.00E-05
8.38E+03	1.00E-06	1.00E-05
8.39E+03	1.00E-06	1.00E-05
8.39E+03	1.00E-06	1.00E-05
8.39E+03	1.00E-06	1.00E-05
8.39E+03	1.00E-06	1.00E-05
8.39E+03	1.00E-06	1.00E-05
8.39E+03	1.00E-06	1.00E-05
8.39E+03	1.00E-06	1.00E-05
8.39E+03	1.00E-06	1.00E-05
8.40E+03	1.00E-06	1.00E-05
8.40E+03	1.00E-06	1.00E-05
8.40E+03	1.00E-06	1.00E-05
8.40E+03	1.00E-06	1.00E-05
8.40E+03	1.00E-06	1.00E-05
8.40E+03	1.00E-06	1.00E-05
8.40E+03	1.00E-06	1.00E-05
8.40E+03	1.00E-06	1.00E-05
8.41E+03	1.00E-06	1.00E-05
8.41E+03	1.00E-06	1.00E-05
8.41E+03	1.00E-06	1.00E-05
8.41E+03	1.00E-06	1.00E-05
8.41E+03	1.00E-06	1.00E-05
8.41E+03	1.00E-06	1.00E-05
8.41E+03	1.00E-06	1.00E-05
8.41E+03	1.00E-06	1.00E-05
8.42E+03	1.00E-06	1.00E-05
8.42E+03	1.00E-06	1.00E-05
8.42E+03	1.00E-06	1.00E-05
8.42E+03	1.00E-06	1.00E-05
8.42E+03	1.00E-06	1.00E-05
8.42E+03	1.00E-06	1.00E-05
8.42E+03	1.00E-06	1.00E-05
8.42E+03	1.00E-06	1.00E-05
8.43E+03	1.00E-06	1.00E-05
8.43E+03	1.00E-06	1.00E-05
8.43E+03	1.00E-06	1.00E-05
8.43E+03	1.00E-06	1.00E-05
8.43E+03	1.00E-06	1.00E-05
8.43E+03	1.00E-06	1.00E-05
8.43E+03	1.00E-06	1.00E-05
8.43E+03	1.00E-06	1.00E-05
8.44E+03	1.00E-06	1.00E-05
8.44E+03	1.00E-06	1.00E-05
8.44E+03	1.00E-06	1.00E-05
8.44E+03	1.00E-06	1.00E-05
8.44E+03	1.00E-06	1.00E-05
8.44E+03	1.00E-06	1.00E-05
8.44E+03	1.00E-06	1.00E-05
8.44E+03	1.00E-06	1.00E-05
8.45E+03	1.00E-06	1.00E-05
8.45E+03	1.00E-06	1.00E-05
8.45E+03	1.00E-06	1.00E-05
8.45E+03	1.00E-06	1.00E-05
8.45E+03	1.00E-06	1.00E-05
8.45E+03	1.00E-06	1.00E-05
8.45E+03	1.00E-06	1.00E-05
8.45E+03	1.00E-06	1.00E-05
8.46E+03	1.00E-06	1.00E-05
8.46E+03	1.00E-06	1.00E-05
8.46E+03	1.00E-06	1.00E-05
8.46E+03	1.00E-06	1.00E-05
8.46E+03	1.00E-06	1.00E-05
8.46E+03	1.00E-06	1.00E-05
8.46E+03	1.00E-06	1.00E-05
8.46E+03	1.00E-06	1.00E-05
8.47E+03	1.00E-06	1.00E-05
8.47E+03	1.00E-06	1.00E-05
8.47E+03	1.00E-06	1.00E-05
8.47E+03	1.00E-06	1.00E-05
8.47E+03	1.00E-06	1.00E-05
8.47E+03	1.00E-06	1.00E-05
8.47E+03	1.00E-06	1.00E-05
8.47E+03	1.00E-06	1.00E-05
8.48E+03	1.00E-06	1.00E-05
8.48E+03	1.00E-06	1.00E-05
8.48E+03	1.00E-06	1.00E-05
8.48E+03	1.00E-06	1.00E-05
8.48E+03	1.00E-06	1.00E-05
8.48E+03	1.00E-06	1.00E-05
8.48E+03	1.00E-06	1.00E-05
8.48E+03	1.00E-06	1.00E-05
8.49E+03	1.00E-06	1.00E-05
8.49E+03	1.00E-06	1.00E-05
8.49E+03	1.00E-06	1.00E-05
8.49E+03	1.00E-06	1.00E-05
8.49E+03	1.00E-06	1.00E-05
8.49E+03	1.00E-06	1.00E-05
8.49E+03	1.00E-06	1.00E-05
8.49E+03	1.00E-06	1.00E-05
8.50E+03	1.00E-06	1.00E-05
8.50E+03	1.00E-06	1.00E-05
8.50E+03	1.00E-06	1.00E-05
8.50E+03	1.00E-06	1.00E-05
8.50E+03	1.00E-06	1.00E-05
8.50E+03	1.00E-06	1.00E-05
8.50E+03	1.00E-06	1.00E-05
8.50E+03	1.00E-06	1.00E-05
8.51E+03	1.00E-06	1.00E-05
8.51E+03	1.00E-06	1.00E-05
8.51E+03	1.00E-06	1.00E-05
8.51E+03	1.00E-06	1.00E-05
8.51E+03	1.00E-06	1.00E-05
8.51E+03	1.00E-06	1.00E-05
8.51E+03	1.00E-06	1.00E-05
8.51E+03	1.00E-06	1.00E-05
8.52E+03	1.00E-06	1.00E-05
8.52E+03	1.00E-06	1.00E-05
8.52E+03	1.00E-06	1.00E-05
8.52E+03	1.00E-06	1.00E-05
8.52E+03	1.00E-06	1.00E-05
8.52E+03	1.00E-06	1.00E-05
8.52E+03	1.00E-06	1.00E-05
8.52E+03	1.00E-06	1.00E-05
8.53E+03	1.00E-06	1.00E-05
8.53E+03	1.00E-06	1.00E-05
8.53E+03	1.00E-06	1.00E-05
8.53E+03	1.00E-06	1.00E-05
8.53E+03	1.00E-06	1.00E-05
8.53E+03	1.00E-06	1.00E-05
8.53E+03	1.00E-06	1.00E-05
8.53E+03	1.00E-06	1.00E-05
8.54E+03	1.00E-06	1.00E-05
8.54E+03	1.00E-06	1.00E-05
8.54E+03	1.00E-06	1.00E-05
8.54E+03	1.00E-06	1.00E-05
8.54E+03	1.00E-06	1.00E-05
8.54E+03	1.00E-06	1.00E-05
8.54E+03	1.00E-06	1.00E-05
8.54E+03	1.00E-06	1.00E-05
8.55E+03	1.00E-06	1.00E-05
8.55E+03	1.00E-06	1.00E-05
8.55E+03	1.00E-06	1.00E-05
8.55E+03	1.00E-06	1.00E-05
8.55E+03	1.00E-06	1.00E-05
8.55E+03	1.00E-06	1.00E-05
8.55E+03	1.00E-06	1.00E-05
8.55E+03	1.00E-06	1.00E-05
8.56E+03	1.00E-06	1.00E-05
8.56E+03	1.00E-06	1.00E-05
8.56E+03	1.00E-06	1.00E-05
8.56E+03	1.00E-06	1.00E-05
8.56E+03	1.00E-06	1.00E-05
8.56E+03	1.00E-06	1.00E-05
8.56E+03	1.00E-06	1.00E-05
8.56E+03	1.00E-06	1.00E-05
8.57E+03	1.00E-06	1.00E-05
8.57E+03	1.00E-06	1.00E-05
8.57E+03	1.00E-06	1.00E-05
8.57E+03	1.00E-06	1.00E-05
8.57E+03	1.00E-06	1.00E-05
8.57E+03	1.00E-06	1.00E-05
8.57E+03	1.00E-06	1.00E-05
8.57E+03	1.00E-06	1.00E-05
8.58E+03	1.00E-06	1.00E-05
8.58E+03	1.00E-06	1.00E-05
8.58E+03	1.00E-06	1.00E-05
8.58E+03	1.00E-06	1.00E-05
8.58E+03	1.00E-06	1.00E-05
8.58E+03	1.00E-06	1.00E-05
8.58E+03	1.00E-06	1.00E-05
8.58E+03	1.00E-06	1.00E-05
8.59E+03	1.00E-06	1.00E-05
8.59E+03	1.00E-06	1.00E-05
8.59E+03	1.00E-06	1.00E-05
8.59E+03	1.00E-06	1.00E-05
8.59E+03	1.00E-06	1.00E-05
8.59E+03	1.00E-06	1.00E-05
8.59E+03	1.00E-06	1.00E-05
8.59E+03	1.00E-06	1.00E-05
8.60E+03	1.00E-06	1.00E-05
8.60E+03	1.00E-06	1.00E-05
8.60E+03	1.00E-06	1.00E-05
8.60E+03	1.00E-06	1.00E-05
8.60E+03	1.00E-06	1.00E-05
8.60E+03	1.00E-06	1.00E-05
8.60E+03	1.00E-06	1.00E-05
8.60E+03	1.00E-06	1.00E-05
8.61E+03	1.00E-06	1.00E-05
8.61E+03	1.00E-06	1.00E-05
8.61E+03	1.00E-06	1.00E-05
8.61E+03	1.00E-06	1.00E-05
8.61E+03	1.00E-06	1.00E-05
8.61E+03	1.00E-06	1.00E-05
8.61E+03	1.00E-06	1.00E-05
8.61E+03	1.00E-06	1.00E-05
8.62E+03	1.00E-06	1.00E-05
8.62E+03	1.00E-06	1.00E-05
8.62E+03	1.00E-06	1.00E-05
8.62E+03	1.00E-06	1.00E-05
8.62E+03	1.00E-06	1.00E-05
8.62E+03	1.00E-06	1.00E-05
8.62E+03	1.00E-06	1.00E-05
8.62E+03	1.00E-06	1.00E-05
8.63E+03	1.00E-06	1.00E-05
8.63E+03	1.00E-06	1.00E-05
8.63E+03	1.00E-06	1.00E-05
8.63E+03	1.00E-06	1.00E-05
8.63E+03	1.00E-06	1.00E-05
8.63E+03	1.00E-06	1.00E-05
8.63E+03	1.00E-06	1.00E-05
8.63E+03	1.00E-06	1.00E-05
8.64E+03	1.00E-06	1.00E-05
8.64E+03	1.00E-06	1.00E-05
8.64E+03	1.00E-06	1.00E-05
8.64E+03	1.00E-06	1.00E-05
8.64E+03	1.00E-06	1.00E-05
8.64E+03	1.00E-06	1.00E-05
8.64E+03	1.00E-06	1.00E-05
8.64E+03	1.00E-06	1.00E-05
8.65E+03	1.00E-06	1.00E-05
8.65E+03	1.00E-06	1.00E-05
8.65E+03	1.00E-06	1.00E-05
8.65E+03	1.00E-06	1.00E-05
8.65E+03	1.00E-06	1.00E-05
8.65E+03	1.00E-06	1.00E-05
8.65E+03	1.00E-06	1.00E-05
8.65E+03	1.00E-06	1.00E-05
8.66E+03	1.00E-06	1.00E-05
8.66E+03	1.00E-06	1.00E-05
8.66E+03	1.00E-06	1.00E-05
8.66E+03	1.00E-06	1.00E-05
8.66E+03	1.00E-06	1.00E-05
8.66E+03	1.00E-06	1.00E-05
8.66E+03	1.00E-06	1.00E-05
8.66E+03	1.00E-06	1.00E-05
8.67E+03	1.00E-06	1.00E-05
8.67E+03	1.00E-06	1.00E-05
8.67E+03	1.00E-06	1.00E-05
8.67E+03	1.00E-06	1.00E-05
8.67E+03	1.00E-06	1.00E-05
8.67E+03	1.00E-06	1.00E-05
8.67E+03	1.00E-06	1.00E-05
8.67E+03	1.00E-06	1.00E-05
8.68E+03	1.00E-06	1.00E-05
8.68E+03	1.00E-06	1.00E-05
8.68E+03	1.00E-06	1.00E-05
8.68E+03	1.00E-06	1.00E-05
8.68E+03	1.00E-06	1.00E-05
8.68E+03	1.00E-06	1.00E-05
8.68E+03	1.00E-06	1.00E-05
8.68E+03	1.00E-06	1.00E-05
8.69E+03	1.00E-06	1.00E-05
8.69E+03	1.00E-06	1.00E-05
8.69E+03	1.00E-06	1.00E-05
8.69E+03	1.00E-06	1.00E-05
8.69E+03	1.00E-06	1.00E-05
8.69E+03	1.00E-06	1.00E-05
8.69E+03	1.00E-06	1.00E-05
8.69E+03	1.00E-06	1.00E-05
8.70E+03	1.00E-06	1.00E-05
8.70E+03	1.00E-06	1.00E-05
8.70E+03	1.00E-06	1.00E-05
8.70E+03	1.00E-06	1.00E-05
8.70E+03	1.00E-06	1.00E-05
8.70E+03	1.00E-06	1.00E-05
8.70E+03	1.00E-06	1.00E-05
8.70E+03	1.00E-06	1.00E-05
8.71E+03	1.00E-06	1.00E-05
8.71E+03	1.00E-06	1.00E-05
8.71E+03	1.00E-06	1.00E-05
8.71E+03	1.00E-06	1.00E-05
8.71E+03	1.00E-06	1.00E-05
8.71E+03	1.00E-06	1.00E-05
8.71E+03	1.00E-06	1.00E-05
8.71E+03	1.00E-06	1.00E-05
8.72E+03	1.00E-06	1.00E-05
8.72E+03	1.00E-06	1.00E-05
8.72E+03	1.00E-06	1.00E-05
8.72E+03	1.00E-06	1.00E-05
8.72E+03	1.00E-06	1.00E-05
8.72E+03	1.00E-06	1.00E-05
8.72E+03	1.00E-06	1.00E-05
8.72E+03	1.00E-06	1.00E-05
8.73E+03	1.00E-06	1.00E-05
8.73E+03	1.00E-06	1.00E-05
8.73E+03	1.00E-06	1.00E-05
8.73E+03	1.00E-06	1.00E-05
8.73E+03	1.00E-06	1.00E-05
8.73E+03	1.00E-06	1.00E-05
8.73E+03	1.00E-06	1.00E-05
8.73E+03	1.00E-06	1.00E-05
8.74E+03	1.00E-06	1.00E-05
8.74E+03	1.00E-06	1.00E-05
8.74E+03	1.00E-06	1.00E-05
8.74E+03	1.00E-06	1.00E-05
8.74E+03	1.00E-06	1.00E-05
8.74E+03	1.00E-06	1.00E-05
8.74E+03	1.00E-06	1.00E-05
8.74E+03	1.00E-06	1.00E-05
8.75E+03	1.00E-06	1.00E-05
8.75E+03	1.00E-06	1.00E-05
8.75E+03	1.00E-06	1.00E-05
8.75E+03	1.00E-06	1.00E-05
8.75E+03	1.00E-06	1.00E-05
8.75E+03	1.00E-06	1.00E-05
8.75E+03	1.00E-06	1.00E-05
8.75E+03	1.00E-06	1.00E-05
8.76E+03	1.00E-06	1.00E-05
8.76E+03	1.00E-06	1.00E-05
8.76E+03	1.00E-06	1.00E-05
8.76E+03	1.00E-06	1.00E-05
8.76E+03	1.00E-06	1.00E-05
8.76E+03	1.00E-06	1.00E-05
8.76E+03	1.00E-06	1.00E-05
8.76E+03	1.00E-06	1.00E-05
8.77E+03	1.00E-06	1.00E-05
8.77E+03	1.00E-06	1.00E-05
8.77E+03	1.00E-06	1.00E-05
8.77E+03	1.00E-06	1.00E-05
8.77E+03	1.00E-06	1.00E-05
8.77E+03	1.00E-06	1.00E-05
8.77E+03	1.00E-06	1.00E-05
8.77E+03	1.00E-06	1.00E-05
8.78E+03	1.00E-06	1.00E-05
8.78E+03	1.00E-06	1.00E-05
8.78E+03	1.00E-06	1.00E-05
8.78E+03	1.00E-06	1.00E-05
8.78E+03	1.00E-06	1.00E-05
8.78E+03	1.00E-06	1.00E-05
8.78E+03	1.00E-06	1.00E-05
8.78E+03	1.00E-06	1.00E-05
8.79E+03	1.00E-06	1.00E-05
8.79E+03	1.00E-06	1.00E-05
8.79E+03	1.00E-06	1.00E-05
8.79E+03	1.00E-06	1.00E-05
8.79E+03	1.00E-06	1.00E-05
8.79E+03	1.00E-06	1.00E-05
8.79E+03	1.00E-06	1.00E-05
8.79E+03	1.00E-06	1.00E-05
8.80E+03	1.00E-06	1.00E-05
8.80E+03	1.00E-06	1.00E-05
8.80E+03	1.00E-06	1.00E-05
8.80E+03	1.00E-06	1.00E-05
8.80E+03	1.00E-06	1.00E-05
8.80E+03	1.00E-06	1.00E-05
8.80E+03	1.00E-06	1.00E-05
8.80E+03	1.00E-06	1.00E-05
8.81E+03	1.00E-06	1.00E-05
8.81E+03	1.00E-06	1.00E-05
8.81E+03	1.00E-06	1.00E-05
8.81E+03	1.00E-06	1.00E-05
8.81E+03	1.00E-06	1.00E-05
8.81E+03	1.00E-06	1.00E-05
8.81E+03	1.00E-06	1.00E-05
8.81E+03	1.00E-06	1.00E-05
8.82E+03	1.00E-06	1.00E-05
8.82E+03	1.00E-06	1.00E-05
8.82E+03	1.00E-06	1.00E-05
8.82E+03	1.00E-06	1.00E-05
8.82E+03	1.00E-06	1.00E-05
8.82E+03	1.00E-06	1.00E-05
8.82E+03	1.00E-06	1.00E-05
8.82E+03	1.00E-06	1.00E-05
8.83E+03	1.00E-06	1.00E-05
8.83E+03	1.00E-06	1.00E-05
8.83E+03	1.00E-06	1.00E-05
8.83E+03	1.00E-06	1.00E-05
8.83E+03	1.00E-06	1.00E-05
8.83E+03	1.00E-06	1.00E-05
8.83E+03	1.00E-06	1.00E-05
8.83E+03	1.00E-06	1.00E-05
8.84E+03	1.00E-06	1.00E-05
8.84E+03	1.00E-06	1.00E-05
8.84E+03	1.00E-06	1.00E-05
8.84E+03	1.00E-06	1.00E-05
8.84E+03	1.00E-06	1.00E-05
8.84E+03	1.00E-06	1.00E-05
8.84E+03	1.00E-06	1.00E-05
8.84E+03	1.00E-06	1.00E-05
8.85E+03	1.00E-06	1.00E-05
8.85E+03	1.00E-06	1.00E-05
8.85E+03	1.00E-06	1.00E-05
8.85E+03	1.00E-06	1.00E-05
8.85E+03	1.00E-06	1.00E-05
8.85E+03	1.00E-06	1.00E-05
8.85E+03	1.00E-06	1.00E-05
8.85E+03	1.00E-06	1.00E-05
8.86E+03	1.00E-06	1.00E-05
8.86E+03	1.00E-06	1.00E-05
8.86E+03	1.00E-06	1.00E-05
8.86E+03	1.00E-06	1.00E-05
8.86E+03	1.00E-06	1.00E-05
8.86E+03	1.00E-06	1.00E-05
8.86E+03	1.00E-06	1.00E-05
8.86E+03	1.00E-06	1.00E-05
8.87E+03	1.00E-06	1.00E-05
8.87E+03	1.00E-06	1.00E-05
8.87E+03	1.00E-06	1.00E-05
8.87E+03	1.00E-06	1.00E-05
8.87E+03	1.00E-06	1.00E-05
8.87E+03	1.00E-06	1.00E-05
8.87E+03	1.00E-06	1.00E-05
8.87E+03	1.00E-06	1.00E-05
8.88E+03	1.00E-06	1.00E-05
8.88E+03	1.00E-06	1.00E-05
8.88E+03	1.00E-06	1.00E-05
8.88E+03	1.00E-06	1.00E-05
8.88E+03	1.00E-06	1.00E-05
8.88E+03	1.00E-06	1.00E-05
8.88E+03	1.00E-06	1.00E-05
8.88E+03	1.00E-06	1.00E-05
8.89E+03	1.00E-06	1.00E-05
8.89E+03	1.00E-06	1.00E-05
8.89E+03	1.00E-06	1.00E-05
8.89E+03	1.00E-06	1.00E-05
8.89E+03	1.00E-06	1.00E-05
8.89E+03	1.00E-06	1.00E-05
8.89E+03	1.00E-06	1.00E-05
8.89E+03	1.00E-06	1.00E-05
8.90E+03	1.00E-06	1.00E-05
8.90E+03	1.00E-06	1.00E-05
8.90E+03	1.00E-06	1.00E-05
8.90E+03	1.00E-06	1.00E-05
8.90E+03	1.00E-06	1.00E-05
8.90E+03	1.00E-06	1.00E-05
8.90E+03	1.00E-06	1.00E-05
8.90E+03	1.00E-06	1.00E-05
8.91E+03	1.00E-06	1.00E-05
8.91E+03	1.00E-06	1.00E-05
8.91E+03	1.00E-06	1.00E-05
8.91E+03	1.00E-06	1.00E-05
8.91E+03	1.00E-06	1.00E-05
8.91E+03	1.00E-06	1.00E-05
8.91E+03	1.00E-06	1.00E-05
8.91E+03	1.00E-06	1.00E-05
8.92E+03	1.00E-06	1.00E-05
8.92E+03	1.00E-06	1.00E-05
8.92E+03	1.00E-06	1.00E-05
8.92E+03	1.00E-06	1.00E-05
8.92E+03	1.00E-06	1.00E-05
8.92E+03	1.00E-06	1.00E-05
8.92E+03	1.00E-06	1.00E-05
8.92E+03	1.00E-06	1.00E-05
8.93E+03	1.00E-06	1.00E-05
8.93E+03	1.00E-06	1.00E-05
8.93E+03	1.00E-06	1.00E-05
8.93E+03	1.00E-06	1.00E-05
8.93E+03	1.00E-06	1.00E-05
8.93E+03	1.00E-06	1.00E-05
8.93E+03	1.00E-06	1.00E-05
8.93E+03	1.00E-06	1.00E-05
8.94E+03	1.00E-06	1.00E-05
8.94E+03	1.00E-06	1.00E-05
8.94E+03	1.00E-06	1.00E-05
8.94E+03	1.00E-06	1.00E-05
8.94E+03	1.00E-06	1.00E-05
8.94E+03	1.00E-06	1.00E-05
8.94E+03	1.00E-06	1.00E-05
8.94E+03	1.00E-06	1.00E-05
8.95E+03	1.00E-06	1.00E-05
8.95E+03	1.00E-06	1.00E-05
8.95E+03	1.00E-06	1.00E-05
8.95E+03	1.00E-06	1.00E-05
8.95E+03	1.00E-06	1.00E-05
8.95E+03	1.00E-06	1.00E-05
8.95E+03	1.00E-06	1.00E-05
8.95E+03	1.00E-06	1.00E-05
8.96E+03	1.00E-06	1.00E-05
8.96E+03	1.00E-06	1.00E-05
8.96E+03	1.00E-06	1.00E-05
8.96E+03	1.00E-06	1.00E-05
8.96E+03	1.00E-06	1.00E-05
8.96E+03	1.00E-06	1.00E-05
8.96E+03	1.00E-06	1.00E-05
8.96E+03	1.00E-06	1.00E-05
8.97E+03	1.00E-06	1.00E-05
8.97E+03	1.00E-06	1.00E-05
8.97E+03	1.00E-06	1.00E-05
8.97E+03	1.00E-06	1.00E-05
8.97E+03	1.00E-06	1.00E-05
8.97E+03	1.00E-06	1.00E-05
8.97E+03	1.00E-06	1.00E-05
8.97E+03	1.00E-06	1.00E-05
8.98E+03	1.00E-06	1.00E-05
8.98E+03	1.00E-06	1.00E-05
8.98E+03	1.00E-06	1.00E-05
8.98E+03	1.00E-06	1.00E-05
8.98E+03	1.00E-06	1.00E-05
8.98E+03	1.00E-06	1.00E-05
8.98E+03	1.00E-06	1.00E-05
8.98E+03	1.00E-06	1.00E-05
8.99E+03	1.00E-06	1.00E-05
8.99E+03	1.00E-06	1.00E-05
8.99E+03	1.00E-06	1.00E-05
8.99E+03	1.00E-06	1.00E-05
8.99E+03	1.00E-06	1.00E-05
8.99E+03	1.00E-06	1.00E-05
8.99E+03	1.00E-06	1.00E-05
8.99E+03	1.00E-06	1.00E-05
9.00E+03	1.00E-06	1.00E-05
9.00E+03	1.00E-06	1.00E-05
9.00E+03	1.00E-06	1.00E-05
9.00E+03	1.00E-06	1.00E-05
9.00E+03	1.00E-06	1.00E-05
9.00E+03	1.00E-06	1.00E-05
9.00E+03	1.00E-06	1.00E-05
9.00E+03	1.00E-06	1.00E-05
9.01E+03	1.00E-06	1.00E-05
9.01E+03	1.00E-06	1.00E-05
9.01E+03	1.00E-06	1.00E-05
9.01E+03	1.00E-06	1.00E-05
9.01E+03	1.00E-06	1.00E-05
9.01E+03	1.00E-06	1.00E-05
9.01E+03	1.00E-06	1.00E-05
9.01E+03	1.00E-06	1.00E-05
9.02E+03	1.00E-06	1.00E-05
9.02E+03	1.00E-06	1.00E-05
9.02E+03	1.00E-06	1.00E-05
9.02E+03	1.00E-06	1.00E-05
9.02E+03	1.00E-06	1.00E-05
9.02E+03	1.00E-06	1.00E-05
9.02E+03	1.00E-06	1.00E-05
9.02E+03	1.00E-06	1.00E-05
9.03E+03	1.00E-06	1.00E-05
9.03E+03	1.00E-06	1.00E-05
9.03E+03	1.00E-06	1.00E-05
9.03E+03	1.00E-06	1.00E-05
9.03E+03	1.00E-06	1.00E-05
9.03E+03	1.00E-06	1.00E-05
9.03E+03	1.00E-06	1.00E-05
9.03E+03	1.00E-06	1.00E-05
9.04E+03	1.00E-06	1.00E-05
9.04E+03	1.00E-06	1.00E-05
9.04E+03	1.00E-06	1.00E-05
9.04E+03	1.00E-06	1.00E-05
9.04E+03	1.00E-06	1.00E-05
9.04E+03	1.00E-06	1.00E-05
9.04E+03	1.00E-06	1.00E-05
9.04E+03	1.00E-06	1.00E-05
9.05E+03	1.00E-06	1.00E-05
9.05E+03	1.00E-06	1.00E-05
9.05E+03	1.00E-06	1.00E-05
9.05E+03	1.00E-06	1.00E-05
9.05E+03	1.00E-06	1.00E-05
9.05E+03	1.00E-06	1.00E-05
9.05E+03	1.00E-06	1.00E-05
9.05E+03	1.00E-06	1.00E-05
9.06E+03	1.00E-06	1.00E-05
9.06E+03	1.00E-06	1.00E-05
9.06E+03	1.00E-06	1.00E-05
9.06E+03	1.00E-06	1.00E-05
9.06E+03	1.00E-06	1.00E-05
9.06E+03	1.00E-06	1.00E-05
9.06E+03	1.00E-06	1.00E-05
9.06E+03	1.00E-06	1.00E-05
9.07E+03	1.00E-06	1.00E-05
9.07E+03	1.00E-06	1.00E-05
9.07E+03	1.00E-06	1.00E-05
9.07E+03	1.00E-06	1.00E-05
9.07E+03	1.00E-06	1.00E-05
9.07E+03	1.00E-06	1.00E-05
9.07E+03	1.00E-06	1.00E-05
9.07E+03	1.00E-06	1.00E-05
9.08E+03	1.00E-06	1.00E-05
9.08E+03	1.00E-06	1.00E-05
9.08E+03	1.00E-06	1.00E-05
9.08E+03	1.00E-06	1.00E-05
9.08E+03	1.00E-06	1.00E-05
9.08E+03	1.00E-06	1.00E-05
9.08E+03	1.00E-06	1.00E-05
9.08E+03	1.00E-06	1.00E-05
9.09E+03	1.00E-06	1.00E-05
9.09E+03	1.00E-06	1.00E-05
9.09E+03	1.00E-06	1.00E-05
9.09E+03	1.00E-06	1.00E-05
9.09E+03	1.00E-06	1.00E-05
9.09E+03	1.00E-06	1.00E-05
9.09E+03	1.00E-06	1.00E-05
9.09E+03	1.00E-06	1.00E-05
9.10E+03	1.00E-06	1.00E-05
9.10E+03	1.00E-06	1.00E-05
9.10E+03	1.00E-06	1.00E-05
9.10E+03	1.00E-06	1.00E-05
9.10E+03	1.00E-06	1.00E-05
9.10E+03	1.00E-06	1.00E-05
9.10E+03	1.00E-06	1.00E-05
9.10E+03	1.00E-06	1.00E-05
9.11E+03	1.00E-06	1.00E-05
9.11E+03	1.00E-06	1.00E-05
9.11E+03	1.00E-06	1.00E-05
9.11E+03	1.00E-06	1.00E-05
9.11E+03	1.00E-06	1.00E-05
9.11E+03	1.00E-06	1.00E-05
9.11E+03	1.00E-06	1.00E-05
9.11E+03	1.00E-06	1.00E-05
9.12E+03	1.00E-06	1.00E-05
9.12E+03	1.00E-06	1.00E-05
9.12E+03	1.00E-06	1.00E-05
9.12E+03	1.00E-06	1.00E-05
9.12E+03	1.00E-06	1.00E-05
9.12E+03	1.00E-06	1.00E-05
9.12E+03	1.00E-06	1.00E-05
9.12E+03	1.00E-06	1.00E-05
9.13E+03	1.00E-06	1.00E-05
9.13E+03	1.00E-06	1.00E-05
9.13E+03	1.00E-06	1.00E-05
9.13E+03	1.00E-06	1.00E-05
9.13E+03	1.00E-06	1.00E-05
9.13E+03	1.00E-06	1.00E-05
9.13E+03	1.00E-06	1.00E-05
9.13E+03	1.00E-06	1.00E-05
9.14E+03	1.00E-06	1.00E-05
9.14E+03	1.00E-06	1.00E-05
9.14E+03	1.00E-06	1.00E-05
9.14E+03	1.00E-06	1.00E-05
9.14E+03	1.00E-06	1.00E-05
9.14E+03	1.00E-06	1.00E-05
9.14E+03	1.00E-06	1.00E-05
9.14E+03	1.00E-06	1.00E-05
9.15E+03	1.00E-06	1.00E-05
9.15E+03	1.00E-06	1.00E-05
9.15E+03	1.00E-06	1.00E-05
9.15E+03	1.00E-06	1.00E-05
9.15E+03	1.00E-06	1.00E-05
9.15E+03	1.00E-06	1.00E-05
9.15E+03	1.00E-06	1.00E-05
9.15E+03	1.00E-06	1.00E-05
9.16E+03	1.00E-06	1.00E-05
9.16E+03	1.00E-06	1.00E-05
9.16E+03	1.00E-06	1.00E-05
9.16E+03	1.00E-06	1.00E-05
9.16E+03	1.00E-06	1.00E-05
9.16E+03	1.00E-06	1.00E-05
9.16E+03	1.00E-06	1.00E-05
9.16E+03	1.00E-06	1.00E-05
9.17E+03	1.00E-06	1.00E-05
9.17E+03	1.00E-06	1.00E-05
9.17E+03	1.00E-06	1.00E-05
9.17E+03	1.00E-06	1.00E-05
9.17E+03	1.00E-06	1.00E-05
9.17E+03	1.00E-06	1.00E-05
9.17E+03	1.00E-06	1.00E-05
9.17E+03	1.00E-06	1.00E-05
9.18E+03	1.00E-06	1.00E-05
9.18E+03	1.00E-06	1.00E-05
9.18E+03	1.00E-06	1.00E-05
9.18E+03	1.00E-06	1.00E-05
9.18E+03	1.00E-06	1.00E-05
9.18E+03	1.00E-06	1.00E-05
9.18E+03	1.00E-06	1.00E-05
9.18E+03	1.00E-06	1.00E-05
9.19E+03	1.00E-06	1.00E-05
9.19E+03	1.00E-06	1.00E-05
9.19E+03	1.00E-06	1.00E-05
9.19E+03	1.00E-06	1.00E-05
9.19E+03	1.00E-06	1.00E-05
9.19E+03	1.00E-06	1.00E-05
9.19E+03	1.00E-06	1.00E-05
9.19E+03	1.00E-06	1.00E-05
9.20E+03	1.00E-06	1.00E-05
9.20E+03	1.00E-06	1.00E-05
9.20E+03	1.00E-06	1.00E-05
9.20E+03	1.00E-06	1.00E-05
9.20E+03	1.00E-06	1.00E-05
9.20E+03	1.00E-06	1.00E-05
9.20E+03	1.00E-06	1.00E-05
9.20E+03	1.00E-06	1.00E-05
9.21E+03	1.00E-06	1.00E-05
9.21E+03	1.00E-06	1.00E-05
9.21E+03	1.00E-06	1.00E-05
9.21E+03	1.00E-06	1.00E-05
9.21E+03	1.00E-06	1.00E-05
9.21E+03	1.00E-06	1.00E-05
9.21E+03	1.00E-06	1.00E-05
9.21E+03	1.00E-06	1.00E-05
9.22E+03	1.00E-06	1.00E-05
9.22E+03	1.00E-06	1.00E-05
9.22E+03	1.00E-06	1.00E-05
9.22E+03	1.00E-06	1.00E-05
9.22E+03	1.00E-06	1.00E-05
9.22E+03	1.00E-06	1.00E-05
9.22E+03	1.00E-06	1.00E-05
9.22E+03	1.00E-06	1.00E-05
9.23E+03	1.00E-06	1.00E-05
9.23E+03	1.00E-06	1.00E-05
9.23E+03	1.00E-06	1.00E-05
9.23E+03	1.00E-06	1.00E-05
9.23E+03	1.00E-06	1.00E-05
9.23E+03	1.00E-06	1.00E-05
9.23E+03	1.00E-06	1.00E-05
9.23E+03	1.00E-06	1.00E-05
9.24E+03	1.00E-06	1.00E-05
9.24E+03	1.00E-06	1.00E-05
9.24E+03	1.00E-06	1.00E-05
9.24E+03	1.00E-06	1.00E-05
9.24E+03	1.00E-06	1.00E-05
9.24E+03	1.00E-06	1.00E-05
9.24E+03	1.00E-06	1.00E-05
9.24E+03	1.00E-06	1.00E-05
9.25E+03	1.00E-06	1.00E-05
9.25E+03	1.00E-06	1.00E-05
9.25E+03	1.00E-06	1.00E-05
9.25E+03	1.00E-06	1.00E-05
9.25E+03	1.00E-06	1.00E-05
9.25E+03	1.00E-06	1.00E-05
9.25E+03	1.00E-06	1.00E-05
9.25E+03	1.00E-06	1.00E-05
9.26E+03	1.00E-06	1.00E-05
9.26E+03	1.00E-06	1.00E-05
9.26E+03	1.00E-06	1.00E-05
9.26E+03	1.00E-06	1.00E-05
9.26E+03	1.00E-06	1.00E-05
9.26E+03	1.00E-06	1.00E-05
9.26E+03	1.00E-06	1.00E-05
9.26E+03	1.00E-06	1.00E-05
9.27E+03	1.00E-06	1.00E-05
9.27E+03	1.00E-06	1.00E-05
9.27E+03	1.00E-06	1.00E-05
9.27E+03	1.00E-06	1.00E-05
9.27E+03	1.00E-06	1.00E-05
9.27E+03	1.00E-06	1.00E-05
9.27E+03	1.00E-06	1.00E-05
9.27E+03	1.00E-06	1.00E-05
9.28E+03	1.00E-06	1.00E-05
9.28E+03	1.00E-06	1.00E-05
9.28E+03	1.00E-06	1.00E-05
9.28E+03	1.00E-06	1.00E-05
9.28E+03	1.00E-06	1.00E-05
9.28E+03	1.00E-06	1.00E-05
9.28E+03	1.00E-06	1.00E-05
9.28E+03	1.00E-06	1.00E-05
9.29E+03	1.00E-06	1.00E-05
9.29E+03	1.00E-06	1.00E-05
9.29E+03	1.00E-06	1.00E-05
9.29E+03	1.00E-06	1.00E-05
9.29E+03	1.00E-06	1.00E-05
9.29E+03	1.00E-06	1.00E-05
9.29E+03	1.00E-06	1.00E-05
9.29E+03	1.00E-06	1.00E-05
9.30E+03	1.00E-06	1.00E-05
9.30E+03	1.00E-06	1.00E-05
9.30E+03	1.00E-06	1.00E-05
9.30E+03	1.00E-06	1.00E-05
9.30E+03	1.00E-06	1.00E-05
9.30E+03	1.00E-06	1.00E-05
9.30E+03	1.00E-06	1.00E-05
9.30E+03	1.00E-06	1.00E-05
9.31E+03	1.00E-06	1.00E-05
9.31E+03	1.00E-06	1.00E-05
9.31E+03	1.00E-06	1.00E-05
9.31E+03	1.00E-06	1.00E-05
9.31E+03	1.00E-06	1.00E-05
9.31E+03	1.00E-06	1.00E-05
9.31E+03	1.00E-06	1.00E-05
9.31E+03	1.00E-06	1.00E-05
9.32E+03	1.00E-06	1.00E-05
9.32E+03	1.00E-06	1.00E-05
9.32E+03	1.00E-06	1.00E-05
9.32E+03	1.00E-06	1.00E-05
9.32E+03	1.00E-06	1.00E-05
9.32E+03	1.00E-06	1.00E-05
9.32E+03	1.00E-06	1.00E-05
9.32E+03	1.00E-06	1.00E-05
9.33E+03	1.00E-06	1.00E-05
9.33E+03	1.00E-06	1.00E-05
9.33E+03	1.00E-06	1.00E-05
9.33E+03	1.00E-06	1.00E-05
9.33E+03	1.00E-06	1.00E-05
9.33E+03	1.00E-06	1.00E-05
9.33E+03	1.00E-06	1.00E-05
9.33E+03	1.00E-06	1.00E-05
9.34E+03	1.00E-06	1.00E-05
9.34E+03	1.00E-06	1.00E-05
9.34E+03	1.00E-06	1.00E-05
9.34E+03	1.00E-06	1.00E-05
9.34E+03	1.00E-06	1.00E-05
9.34E+03	1.00E-06	1.00E-05
9.34E+03	1.00E-06	1.00E-05
9.34E+03	1.00E-06	1.00E-05
9.35E+03	1.00E-06	1.00E-05
9.35E+03	1.00E-06	1.00E-05
9.35E+03	1.00E-06	1.00E-05
9.35E+03	1.00E-06	1.00E-05